0 0 0.882075471698113 0.0377358490566038 0 0.471698113207547 1.00471698113208 1 0.358490566037736 0.669811320754717 0.844339622641509 0.0754716981132075 0.00943396226415094 1.00471698113208 0.0330188679245283 0 1 0.55188679245283 0.962264150943396 0.132075471698113 0.735849056603774 0.0613207547169811 0.966981132075472 0.613207547169811 0 0.995283018867924 0.443396226415094 0.938679245283019 1 1.00471698113208 0 0.0377358490566038 0.259433962264151 1.00471698113208 0.0188679245283019 0 0 0 0 0.00471698113207547 0.0377358490566038 0.00471698113207547 0.547169811320755 0 0 0 0 0.0188679245283019 0 0.278301886792453 0 0 0 0 0.0754716981132075 0.150943396226415 0 0.797169811320755 0 0 0.0141509433962264 0.679245283018868 0.122641509433962 0.165094339622642 0 0 0.00471698113207547 0.00943396226415094
0 0 0.080188679245283 0 0 0 0.00943396226415094 0.0141509433962264 0.985849056603774 0.0283018867924528 0.825471698113208 0.0518867924528302 0.754716981132076 0.0424528301886792 0.226415094339623 0.089622641509434 0.400943396226415 0 0.117924528301887 0 0.00943396226415094 1.00471698113208 0.0990566037735849 1 0.773584905660377 0.702830188679245 1.00471698113208 0.14622641509434 0.0707547169811321 0.00471698113207547 0 0 0 0.849056603773585 0 0.382075471698113 0.0188679245283019 0 0 0 0 0 0.0518867924528302 0 0 0 0.0943396226415094 0 0 0 0.0471698113207547 0 0 0 0 0.0235849056603774 0.0188679245283019 0.0424528301886792 0.0660377358490566 0.0566037735849057 0.94811320754717 0 0 0 0 0 0 0.00471698113207547
0.882075471698113 0.080188679245283 0 0 0 0.900943396226415 1.00471698113208 1 0.0141509433962264 0.707547169811321 0.518867924528302 0.0141509433962264 0.0283018867924528 1 0 0 1.00471698113208 0.254716981132075 0.943396226415094 0 1.00471698113208 0.0283018867924528 1.00471698113208 0.19811320754717 0 1.00471698113208 1.00471698113208 0.995283018867924 0.849056603773585 0.971698113207547 0 0.0235849056603774 0.0188679245283019 1 0.00471698113207547 0.891509433962264 0.995283018867924 0 0 0 0.10377358490566 0.0235849056603774 0.0188679245283019 0 0 0 0 0.0518867924528302 0 0.344339622641509 0.69811320754717 0 0.122641509433962 0 0.0943396226415094 0.377358490566038 0.792452830188679 0.240566037735849 0 0.820754716981132 1 0.165094339622642 0.0283018867924528 0.117924528301887 0 0 0.00471698113207547 0.0660377358490566
0.0377358490566038 0 0 0 0.00471698113207547 0.556603773584906 0.424528301886792 0.325471698113208 0.990566037735849 0.976415094339623 0.231132075471698 1.00471698113208 0 0.44811320754717 0.754716981132076 0 0 0.00471698113207547 0.0518867924528302 0.995283018867924 0 0 0 0.966981132075472 0 0.169811320754717 0.0613207547169811 0.971698113207547 0.797169811320755 0.00471698113207547 0 0 0.0471698113207547 0.938679245283019 0 0 0 0.985849056603774 0 0.212264150943396 0.0377358490566038 0.0283018867924528 0.985849056603774 0.839622641509434 0 0.783018867924528 0 0.00471698113207547 0.00471698113207547 0 0 0 0 0.976415094339623 0 0 0 0.995283018867924 0 0 0 0.985849056603774 0.0188679245283019 0 0 0 0 0
0 0 0 0.00471698113207547 0 0.283018867924528 0.00943396226415094 0.113207547169811 0.306603773584906 0.0424528301886792 0.122641509433962 0.287735849056604 0.0235849056603774 0.0235849056603774 0.457547169811321 0 0 0 0 0.00943396226415094 0 0 0.00943396226415094 0.155660377358491 0 0 0.0188679245283019 0.0754716981132075 0.136792452830189 0 0 0.108490566037736 0 0.0613207547169811 0 0 0 0 0 0 0 0 0 0 0 0.00471698113207547 0 0 0 0 0 0 0 0 0 0 0 0 0 0 0 0 0 0 0 0 0 0
0.471698113207547 0 0.900943396226415 0.556603773584906 0.283018867924528 0 1.00471698113208 1.00471698113208 0.575471698113208 1.00471698113208 0.962264150943396 1.00471698113208 0.334905660377358 1.00471698113208 0.89622641509434 0 0.476415094339623 0.273584905660377 0.504716981132076 0.957547169811321 0.278301886792453 0 0.669811320754717 0.773584905660377 0 0.971698113207547 0.528301886792453 1.00471698113208 1.00471698113208 0.254716981132075 0.0141509433962264 0.924528301886792 0.193396226415094 1 0 0 0.00471698113207547 0.174528301886792 0 0.14622641509434 0.122641509433962 0.14622641509434 0.556603773584906 0.221698113207547 0 0.25 0.0141509433962264 0.0141509433962264 0 0 0 0 0 0.377358490566038 0 0 0.00943396226415094 0.844339622641509 0.00471698113207547 0 0.0518867924528302 0.589622641509434 0.00471698113207547 0.00943396226415094 0 0 0 0.00943396226415094
1.00471698113208 0.00943396226415094 1.00471698113208 0.424528301886792 0.00943396226415094 1.00471698113208 0 1.00471698113208 0.740566037735849 0.995283018867924 0.943396226415094 0.443396226415094 0.117924528301887 1.00471698113208 0.339622641509434 0 0.94811320754717 0.481132075471698 0.915094339622642 0.30188679245283 0.990566037735849 0.0377358490566038 1.00471698113208 0.915094339622642 0.00471698113207547 1.00471698113208 0.985849056603774 1.00471698113208 1.00471698113208 1.00471698113208 0 0.221698113207547 0.858490566037736 1.00471698113208 0.0283018867924528 0.0471698113207547 0.0943396226415094 0.235849056603774 0 0.183962264150943 0.382075471698113 0.25 0.867924528301887 0.25 0 0.0943396226415094 0 0.0754716981132075 0 0.240566037735849 0.00471698113207547 0 0 0.325471698113208 0.0330188679245283 0.136792452830189 0.297169811320755 0.971698113207547 0.00471698113207547 0.0235849056603774 0.669811320754717 0.919811320754717 0.122641509433962 0.141509433962264 0 0 0.00943396226415094 0.0235849056603774
1 0.0141509433962264 1 0.325471698113208 0.113207547169811 1.00471698113208 1.00471698113208 0 0.60377358490566 1.00471698113208 0.985849056603774 1 0.60377358490566 1.00471698113208 0.773584905660377 0 1 0.674528301886792 0.962264150943396 0.962264150943396 0.754716981132076 0.0613207547169811 1 0.863207547169811 0.0141509433962264 1 0.858490566037736 1.00471698113208 1.00471698113208 1 0.0283018867924528 0.594339622641509 0.165094339622642 1.00471698113208 0.0235849056603774 0.00471698113207547 0.0235849056603774 0.0424528301886792 0 0.174528301886792 0.382075471698113 0.25 0.830188679245283 0.117924528301887 0.00471698113207547 0.0566037735849057 0.0377358490566038 0.117924528301887 0.00471698113207547 0.155660377358491 0 0 0 0.132075471698113 0.0188679245283019 0.0849056603773585 0.0188679245283019 0.962264150943396 0.0235849056603774 0 0.183962264150943 0.905660377358491 0.108490566037736 0.165094339622642 0 0 0 0.0990566037735849
0.358490566037736 0.985849056603774 0.0141509433962264 0.990566037735849 0.306603773584906 0.575471698113208 0.740566037735849 0.60377358490566 0 0.849056603773585 0.844339622641509 0.712264150943396 0.561320754716981 0.64622641509434 0.867924528301887 0.0613207547169811 0.150943396226415 0.00471698113207547 0.254716981132075 0.952830188679245 0.0377358490566038 1.00471698113208 0.193396226415094 1.00471698113208 0.886792452830189 0.872641509433962 1 1.00471698113208 0.985849056603774 0.797169811320755 0.00471698113207547 0.00943396226415094 0.844339622641509 1.00471698113208 0.0566037735849057 0.0566037735849057 0.00471698113207547 0.816037735849057 0.00471698113207547 0.141509433962264 0.287735849056604 0.0849056603773585 0.533018867924528 0.429245283018868 0 0.608490566037736 0.0235849056603774 0.080188679245283 0.0754716981132075 0.372641509433962 0.00471698113207547 0 0 0.816037735849057 0.0235849056603774 0.344339622641509 0.0141509433962264 1.00471698113208 0.00943396226415094 0.00471698113207547 0.188679245283019 0.905660377358491 0.316037735849057 0.273584905660377 0 0 0.0707547169811321 0.089622641509434
0.669811320754717 0.0283018867924528 0.707547169811321 0.976415094339623 0.0424528301886792 1.00471698113208 0.995283018867924 1.00471698113208 0.849056603773585 0 0.990566037735849 1.00471698113208 0.344339622641509 1.00471698113208 0.419811320754717 0 0.386792452830189 0.915094339622642 0.938679245283019 0.962264150943396 0.316037735849057 0.0235849056603774 0.80188679245283 0.80188679245283 0.0377358490566038 1 0.990566037735849 1.00471698113208 1.00471698113208 0.160377358490566 0.0990566037735849 0.627358490566038 0.287735849056604 1.00471698113208 0 0.245283018867925 0.00471698113207547 0.971698113207547 0 0.504716981132076 0.30188679245283 0.287735849056604 0.962264150943396 0.933962264150943 0 0.792452830188679 0.0235849056603774 0.0424528301886792 0 0.0141509433962264 0 0 0 0.976415094339623 0 0.00943396226415094 0.00943396226415094 0.995283018867924 0.0613207547169811 0.00943396226415094 0.547169811320755 0.990566037735849 0.0471698113207547 0.0188679245283019 0 0 0.00471698113207547 0.0188679245283019
0.844339622641509 0.825471698113208 0.518867924528302 0.231132075471698 0.122641509433962 0.962264150943396 0.943396226415094 0.985849056603774 0.844339622641509 0.990566037735849 0 0.990566037735849 0.952830188679245 0.995283018867924 0.0235849056603774 0.00943396226415094 0.976415094339623 1.00471698113208 0.995283018867924 0.957547169811321 0.764150943396226 0.783018867924528 0.929245283018868 0.891509433962264 0.938679245283019 1.00471698113208 1.00471698113208 0.943396226415094 1 0.900943396226415 0.797169811320755 0.943396226415094 0.268867924528302 1.00471698113208 0 0.44811320754717 0 0 0 0.00471698113207547 0 0.00471698113207547 0.0754716981132075 0 0.849056603773585 0.00943396226415094 0.990566037735849 0.00471698113207547 0 0.00471698113207547 0 0.0990566037735849 0.0141509433962264 0 0 0.0141509433962264 0 0.207547169811321 0.995283018867924 0.64622641509434 0.995283018867924 0.0943396226415094 0.0188679245283019 0 0.773584905660377 0.0566037735849057 0 0.316037735849057
0.0754716981132075 0.0518867924528302 0.0141509433962264 1.00471698113208 0.287735849056604 1.00471698113208 0.443396226415094 1 0.712264150943396 1.00471698113208 0.990566037735849 0 0.39622641509434 1 0.872641509433962 0 0.0471698113207547 0.877358490566038 0.825471698113208 1.00471698113208 0 0.0566037735849057 0.0141509433962264 0.962264150943396 0.0424528301886792 0.990566037735849 0.839622641509434 1.00471698113208 1 0.00943396226415094 0.0754716981132075 0.655660377358491 0.0943396226415094 1 0 0.0471698113207547 0 0.627358490566038 0 0.254716981132075 0.00943396226415094 0.0235849056603774 0.745283018867924 0.39622641509434 0 0.627358490566038 0.0424528301886792 0 0.0188679245283019 0 0 0 0 0.726415094339623 0 0 0 0.858490566037736 0.0330188679245283 0.00471698113207547 0.221698113207547 0.570754716981132 0 0 0 0 0 0.00943396226415094
0.00943396226415094 0.754716981132076 0.0283018867924528 0 0.0235849056603774 0.334905660377358 0.117924528301887 0.60377358490566 0.561320754716981 0.344339622641509 0.952830188679245 0.39622641509434 0 0.627358490566038 0 0 0.00471698113207547 0.202830188679245 0.0518867924528302 0.136792452830189 0.113207547169811 0.575471698113208 0.14622641509434 0.589622641509434 0.915094339622642 0.933962264150943 0.995283018867924 0.221698113207547 0.438679245283019 0.00943396226415094 0.674528301886792 0.514150943396226 0 0.938679245283019 0 0.0660377358490566 0 0 0 0.0141509433962264 0 0.0141509433962264 0 0 0.797169811320755 0.00943396226415094 1 0 0 0.00471698113207547 0 0.00943396226415094 0.00471698113207547 0 0 0.00471698113207547 0 0.00471698113207547 1 0.325471698113208 0.962264150943396 0 0.0188679245283019 0 0.754716981132076 0.0377358490566038 0 0.311320754716981
1.00471698113208 0.0424528301886792 1 0.44811320754717 0.0235849056603774 1.00471698113208 1.00471698113208 1.00471698113208 0.64622641509434 1.00471698113208 0.995283018867924 1 0.627358490566038 0 0.231132075471698 0.00471698113207547 1 0.910377358490566 0.990566037735849 0.971698113207547 0.891509433962264 0.136792452830189 1.00471698113208 0.891509433962264 0.0424528301886792 1.00471698113208 0.891509433962264 1.00471698113208 1.00471698113208 1.00471698113208 0.0566037735849057 0.226415094339623 0.0566037735849057 1.00471698113208 0.0283018867924528 0.0754716981132075 0.0141509433962264 0 0 0.0188679245283019 0.169811320754717 0.0849056603773585 0.830188679245283 0.0141509433962264 0 0 0.0471698113207547 0.0613207547169811 0 0.30188679245283 0 0 0 0.00943396226415094 0.0613207547169811 0.165094339622642 0.00471698113207547 0.957547169811321 0.0141509433962264 0 0.254716981132075 0.882075471698113 0.160377358490566 0.245283018867925 0 0 0 0.0471698113207547
0.0330188679245283 0.226415094339623 0 0.754716981132076 0.457547169811321 0.89622641509434 0.339622641509434 0.773584905660377 0.867924528301887 0.419811320754717 0.0235849056603774 0.872641509433962 0 0.231132075471698 0 0 0.00471698113207547 0 0.0141509433962264 0.839622641509434 0.0235849056603774 0.259433962264151 0.0235849056603774 1 0.00943396226415094 0.108490566037736 0.372641509433962 0.938679245283019 0.820754716981132 0.0613207547169811 0 0.570754716981132 0.334905660377358 0.900943396226415 0 0 0 0.0188679245283019 0 0.00943396226415094 0 0 0.14622641509434 0 0 0.0990566037735849 0 0 0.0141509433962264 0 0 0 0 0.0283018867924528 0 0.00943396226415094 0 0.0849056603773585 0 0 0.00471698113207547 0.00943396226415094 0 0 0 0 0 0
0 0.089622641509434 0 0 0 0 0 0 0.0613207547169811 0 0.00943396226415094 0 0 0.00471698113207547 0 0 0.0235849056603774 0 0 0 0.85377358490566 1.00471698113208 0.990566037735849 0.957547169811321 0 0.462264150943396 1.00471698113208 0.882075471698113 0.0283018867924528 0.259433962264151 0 0 0.00471698113207547 0.433962264150943 0.00471698113207547 0.0330188679245283 0.0424528301886792 0 0 0 0.00471698113207547 0.0235849056603774 0.179245283018868 0 0 0 0 0.0424528301886792 0.00471698113207547 1 0 0 0 0 0.990566037735849 1.00471698113208 1 0.863207547169811 0 0.00471698113207547 0.976415094339623 0.452830188679245 0.136792452830189 0.641509433962264 0 0 0.0330188679245283 0.0141509433962264
1 0.400943396226415 1.00471698113208 0 0 0.476415094339623 0.94811320754717 1 0.150943396226415 0.386792452830189 0.976415094339623 0.0471698113207547 0.00471698113207547 1 0.00471698113207547 0.0235849056603774 0 0.891509433962264 1 0.00471698113207547 0.976415094339623 0.264150943396226 1.00471698113208 0.504716981132076 0 1.00471698113208 1.00471698113208 0.80188679245283 1 1.00471698113208 0 0.00471698113207547 0.693396226415094 1.00471698113208 0 0.830188679245283 0.589622641509434 0 0 0 0 0 0 0 0 0 0 0 0 0.0188679245283019 0.240566037735849 0 0.0990566037735849 0 0.00471698113207547 0.174528301886792 0.0990566037735849 0 0 0.566037735849057 0.966981132075472 0 0 0 0 0 0 0
0.55188679245283 0 0.254716981132075 0.00471698113207547 0 0.273584905660377 0.481132075471698 0.674528301886792 0.00471698113207547 0.915094339622642 1.00471698113208 0.877358490566038 0.202830188679245 0.910377358490566 0 0 0.891509433962264 0 0.806603773584906 0.415094339622642 0.259433962264151 0.00471698113207547 0.452830188679245 0.0188679245283019 0.259433962264151 0.981132075471698 0.707547169811321 0.457547169811321 0.981132075471698 0.726415094339623 0.0141509433962264 0.108490566037736 0.080188679245283 1 0 0 0 0 0 0 0 0 0 0 0.080188679245283 0 0.443396226415094 0 0 0 0 0.0283018867924528 0.0141509433962264 0 0 0 0 0 0.0660377358490566 0.367924528301887 0.617924528301887 0 0 0 0.155660377358491 0 0 0
0.962264150943396 0.117924528301887 0.943396226415094 0.0518867924528302 0 0.504716981132076 0.915094339622642 0.962264150943396 0.254716981132075 0.938679245283019 0.995283018867924 0.825471698113208 0.0518867924528302 0.990566037735849 0.0141509433962264 0 1 0.806603773584906 0 0.570754716981132 0.919811320754717 0.117924528301887 1 0.495283018867925 0.122641509433962 1.00471698113208 1 0.85377358490566 1 1 0 0.0754716981132075 0.665094339622642 1.00471698113208 0 0.358490566037736 0.0377358490566038 0 0 0 0 0 0.00943396226415094 0 0.0188679245283019 0 0.169811320754717 0 0 0.0188679245283019 0.0330188679245283 0.0330188679245283 0.183962264150943 0 0.00471698113207547 0.0141509433962264 0.00471698113207547 0.0188679245283019 0.089622641509434 0.716981132075472 0.915094339622642 0.00943396226415094 0 0 0.0377358490566038 0 0 0
0.132075471698113 0 0 0.995283018867924 0.00943396226415094 0.957547169811321 0.30188679245283 0.962264150943396 0.952830188679245 0.962264150943396 0.957547169811321 1.00471698113208 0.136792452830189 0.971698113207547 0.839622641509434 0 0.00471698113207547 0.415094339622642 0.570754716981132 0 0 0.00471698113207547 0.0188679245283019 0.783018867924528 0 0.919811320754717 0.617924528301887 1.00471698113208 0.985849056603774 0 0.00943396226415094 0.117924528301887 0.0141509433962264 1 0 0.00471698113207547 0 0.943396226415094 0 0.283018867924528 0.0660377358490566 0.0754716981132075 0.962264150943396 0.85377358490566 0 0.778301886792453 0 0 0.00943396226415094 0 0 0 0 0.943396226415094 0 0 0 0.995283018867924 0.00471698113207547 0.00471698113207547 0.0566037735849057 0.957547169811321 0 0 0 0 0 0
0.735849056603774 0.00943396226415094 1.00471698113208 0 0 0.278301886792453 0.990566037735849 0.754716981132076 0.0377358490566038 0.316037735849057 0.764150943396226 0 0.113207547169811 0.891509433962264 0.0235849056603774 0.85377358490566 0.976415094339623 0.259433962264151 0.919811320754717 0 0 0.768867924528302 1.00471698113208 0.165094339622642 0 0.990566037735849 1.00471698113208 1.00471698113208 0.962264150943396 1.00471698113208 0 0.0566037735849057 0.679245283018868 1.00471698113208 0.193396226415094 0.0990566037735849 0.108490566037736 0 0 0.0188679245283019 0.0377358490566038 0.0990566037735849 0.264150943396226 0 0.00471698113207547 0 0 0.207547169811321 0 0.995283018867924 0 0 0 0 0.990566037735849 0.995283018867924 0.877358490566038 0.985849056603774 0.00471698113207547 0.0188679245283019 0.566037735849057 0.915094339622642 0.580188679245283 0.919811320754717 0 0 0.188679245283019 0.0849056603773585
0.0613207547169811 1.00471698113208 0.0283018867924528 0 0 0 0.0377358490566038 0.0613207547169811 1.00471698113208 0.0235849056603774 0.783018867924528 0.0566037735849057 0.575471698113208 0.136792452830189 0.259433962264151 1.00471698113208 0.264150943396226 0.00471698113207547 0.117924528301887 0.00471698113207547 0.768867924528302 0 0.863207547169811 1.00471698113208 0.971698113207547 0.839622641509434 1.00471698113208 0.995283018867924 0.363207547169811 0.471698113207547 0.00471698113207547 0.00471698113207547 0.089622641509434 0.89622641509434 0.0235849056603774 0.264150943396226 0.0188679245283019 0 0 0 0.00471698113207547 0 0.320754716981132 0 0 0 0.0330188679245283 0.0141509433962264 0 0.995283018867924 0 0 0 0 0.429245283018868 0.655660377358491 0.547169811320755 0.863207547169811 0.0471698113207547 0.00471698113207547 0.924528301886792 0.344339622641509 0.10377358490566 0.202830188679245 0 0 0.00471698113207547 0
0.966981132075472 0.0990566037735849 1.00471698113208 0 0.00943396226415094 0.669811320754717 1.00471698113208 1 0.193396226415094 0.80188679245283 0.929245283018868 0.0141509433962264 0.14622641509434 1.00471698113208 0.0235849056603774 0.990566037735849 1.00471698113208 0.452830188679245 1 0.0188679245283019 1.00471698113208 0.863207547169811 0 0.797169811320755 0 1.00471698113208 1.00471698113208 1.00471698113208 0.976415094339623 1.00471698113208 0 0.080188679245283 0.334905660377358 1.00471698113208 0.00943396226415094 0.566037735849057 0.882075471698113 0 0 0.00943396226415094 0.174528301886792 0.0660377358490566 0.0990566037735849 0.00471698113207547 0 0 0 0.0377358490566038 0 1 0.10377358490566 0 0 0 0.919811320754717 1.00471698113208 0.995283018867924 0.69811320754717 0.00471698113207547 0.0990566037735849 1 0.419811320754717 0.0471698113207547 0.537735849056604 0 0 0.00943396226415094 0.0330188679245283
0.613207547169811 1 0.19811320754717 0.966981132075472 0.155660377358491 0.773584905660377 0.915094339622642 0.863207547169811 1.00471698113208 0.80188679245283 0.891509433962264 0.962264150943396 0.589622641509434 0.891509433962264 1 0.957547169811321 0.504716981132076 0.0188679245283019 0.495283018867925 0.783018867924528 0.165094339622642 1.00471698113208 0.797169811320755 0 0.943396226415094 0.971698113207547 1 1.00471698113208 1.00471698113208 0.957547169811321 0 0.00471698113207547 0.924528301886792 1.00471698113208 0.462264150943396 0.283018867924528 0.0235849056603774 0.877358490566038 0 0.636792452830189 0.877358490566038 0.683962264150943 1 0.636792452830189 0 0.462264150943396 0.0424528301886792 0.69811320754717 0.0330188679245283 0.990566037735849 0 0 0 0.891509433962264 0.849056603773585 1 0.19811320754717 1 0.0235849056603774 0.00943396226415094 0.797169811320755 1 0.919811320754717 0.915094339622642 0 0 0.391509433962264 0.386792452830189
0 0.773584905660377 0 0 0 0 0.00471698113207547 0.0141509433962264 0.886792452830189 0.0377358490566038 0.938679245283019 0.0424528301886792 0.915094339622642 0.0424528301886792 0.00943396226415094 0 0 0.259433962264151 0.122641509433962 0 0 0.971698113207547 0 0.943396226415094 0 0.674528301886792 0.981132075471698 0.00943396226415094 0.0660377358490566 0 0.132075471698113 0.0235849056603774 0 0.55188679245283 0 0.212264150943396 0 0 0 0 0 0 0 0 0.0330188679245283 0 0.811320754716981 0 0 0 0 0.00471698113207547 0.00471698113207547 0 0 0 0 0 0.514150943396226 0.231132075471698 0.877358490566038 0 0 0 0.113207547169811 0 0 0
0.995283018867924 0.702830188679245 1.00471698113208 0.169811320754717 0 0.971698113207547 1.00471698113208 1 0.872641509433962 1 1.00471698113208 0.990566037735849 0.933962264150943 1.00471698113208 0.108490566037736 0.462264150943396 1.00471698113208 0.981132075471698 1.00471698113208 0.919811320754717 0.990566037735849 0.839622641509434 1.00471698113208 0.971698113207547 0.674528301886792 0 1.00471698113208 1 1 0.995283018867924 0.0660377358490566 0.330188679245283 0.382075471698113 1.00471698113208 0 1 0.844339622641509 0 0.00471698113207547 0.0424528301886792 0.0235849056603774 0.00943396226415094 0.14622641509434 0.0188679245283019 0.863207547169811 0.0566037735849057 1 0.0235849056603774 0 0.150943396226415 0.80188679245283 0.655660377358491 0.952830188679245 0.0283018867924528 0.0283018867924528 0.273584905660377 0.150943396226415 0.330188679245283 1 1 1 0.132075471698113 0.0188679245283019 0.0377358490566038 0.990566037735849 0.00943396226415094 0 0.25
0.443396226415094 1.00471698113208 1.00471698113208 0.0613207547169811 0.0188679245283019 0.528301886792453 0.985849056603774 0.858490566037736 1 0.990566037735849 1.00471698113208 0.839622641509434 0.995283018867924 0.891509433962264 0.372641509433962 1.00471698113208 1.00471698113208 0.707547169811321 1 0.617924528301887 1.00471698113208 1.00471698113208 1.00471698113208 1 0.981132075471698 1.00471698113208 0 1 0.929245283018868 0.584905660377358 0.683962264150943 0.141509433962264 0.089622641509434 1.00471698113208 0.00471698113207547 1.00471698113208 0.995283018867924 0 0 0.0283018867924528 0.367924528301887 0.0660377358490566 0.30188679245283 0.0283018867924528 0.683962264150943 0.0424528301886792 1 0.108490566037736 0 1 0.981132075471698 0.405660377358491 0.933962264150943 0.0141509433962264 0.382075471698113 1.00471698113208 0.995283018867924 0.783018867924528 1.00471698113208 1 1.00471698113208 0.438679245283019 0.0141509433962264 0.0283018867924528 0.971698113207547 0.00943396226415094 0 0.391509433962264
0.938679245283019 0.14622641509434 0.995283018867924 0.971698113207547 0.0754716981132075 1.00471698113208 1.00471698113208 1.00471698113208 1.00471698113208 1.00471698113208 0.943396226415094 1.00471698113208 0.221698113207547 1.00471698113208 0.938679245283019 0.882075471698113 0.80188679245283 0.457547169811321 0.85377358490566 1.00471698113208 1.00471698113208 0.995283018867924 1.00471698113208 1.00471698113208 0.00943396226415094 1 1 0 1.00471698113208 1.00471698113208 0.00471698113207547 0.141509433962264 1.00471698113208 1.00471698113208 0.858490566037736 0.372641509433962 0.169811320754717 0.995283018867924 0 0.783018867924528 0.943396226415094 0.900943396226415 1 0.938679245283019 0.0566037735849057 0.764150943396226 0.00471698113207547 0.943396226415094 0.0424528301886792 0.995283018867924 0 0.00471698113207547 0.0188679245283019 0.995283018867924 0.985849056603774 1 0.547169811320755 1 0.0283018867924528 0.0707547169811321 0.910377358490566 1 0.985849056603774 0.966981132075472 0 0 0.64622641509434 0.683962264150943
1 0.0707547169811321 0.849056603773585 0.797169811320755 0.136792452830189 1.00471698113208 1.00471698113208 1.00471698113208 0.985849056603774 1.00471698113208 1 1 0.438679245283019 1.00471698113208 0.820754716981132 0.0283018867924528 1 0.981132075471698 1 0.985849056603774 0.962264150943396 0.363207547169811 0.976415094339623 1.00471698113208 0.0660377358490566 1 0.929245283018868 1.00471698113208 0 1.00471698113208 0.0707547169811321 0.716981132075472 0.905660377358491 1.00471698113208 0.0660377358490566 0.165094339622642 0 0.0518867924528302 0 0.0377358490566038 0.297169811320755 0.0990566037735849 0.971698113207547 0.0235849056603774 0 0.00471698113207547 0.0660377358490566 0.117924528301887 0 0.707547169811321 0 0 0 0.0424528301886792 0.391509433962264 0.44811320754717 0.0188679245283019 0.990566037735849 0.0613207547169811 0.00943396226415094 0.382075471698113 0.962264150943396 0.415094339622642 0.509433962264151 0 0 0.0849056603773585 0.080188679245283
1.00471698113208 0.00471698113207547 0.971698113207547 0.00471698113207547 0 0.254716981132075 1.00471698113208 1 0.797169811320755 0.160377358490566 0.900943396226415 0.00943396226415094 0.00943396226415094 1.00471698113208 0.0613207547169811 0.259433962264151 1.00471698113208 0.726415094339623 1 0 1.00471698113208 0.471698113207547 1.00471698113208 0.957547169811321 0 0.995283018867924 0.584905660377358 1.00471698113208 1.00471698113208 0 0 0.0235849056603774 0.966981132075472 1.00471698113208 0.165094339622642 0.00471698113207547 0.0330188679245283 0 0 0.0330188679245283 0.330188679245283 0.150943396226415 0.886792452830189 0 0 0 0 0.207547169811321 0 0.933962264150943 0 0 0 0 0.839622641509434 0.764150943396226 0.268867924528302 0.976415094339623 0 0 0.0330188679245283 0.957547169811321 0.566037735849057 0.745283018867924 0 0 0.108490566037736 0.0943396226415094
0 0 0 0 0 0.0141509433962264 0 0.0283018867924528 0.00471698113207547 0.0990566037735849 0.797169811320755 0.0754716981132075 0.674528301886792 0.0566037735849057 0 0 0 0.0141509433962264 0 0.00943396226415094 0 0.00471698113207547 0 0 0.132075471698113 0.0660377358490566 0.683962264150943 0.00471698113207547 0.0707547169811321 0 0 0.00471698113207547 0 0.660377358490566 0 0.0141509433962264 0 0 0 0.00471698113207547 0 0.00471698113207547 0 0 0.523584905660377 0.00471698113207547 1 0 0 0 0 0.0518867924528302 0.00471698113207547 0 0 0 0 0 0.985849056603774 0.424528301886792 0.943396226415094 0 0 0 0.679245283018868 0.00943396226415094 0 0.0754716981132075
0.0377358490566038 0 0.0235849056603774 0 0.108490566037736 0.924528301886792 0.221698113207547 0.594339622641509 0.00943396226415094 0.627358490566038 0.943396226415094 0.655660377358491 0.514150943396226 0.226415094339623 0.570754716981132 0 0.00471698113207547 0.108490566037736 0.0754716981132075 0.117924528301887 0.0566037735849057 0.00471698113207547 0.080188679245283 0.00471698113207547 0.0235849056603774 0.330188679245283 0.141509433962264 0.141509433962264 0.716981132075472 0.0235849056603774 0.00471698113207547 0 0 1 0 0 0 0 0 0 0 0 0 0 0 0 0.0377358490566038 0 0 0 0 0 0 0 0 0 0 0.00943396226415094 0.00471698113207547 0 0 0 0 0 0 0 0 0.00471698113207547
0.259433962264151 0 0.0188679245283019 0.0471698113207547 0 0.193396226415094 0.858490566037736 0.165094339622642 0.844339622641509 0.287735849056604 0.268867924528302 0.0943396226415094 0 0.0566037735849057 0.334905660377358 0.00471698113207547 0.693396226415094 0.080188679245283 0.665094339622642 0.0141509433962264 0.679245283018868 0.089622641509434 0.334905660377358 0.924528301886792 0 0.382075471698113 0.089622641509434 1.00471698113208 0.905660377358491 0.966981132075472 0 0 0 0.872641509433962 0 0 0 0 0 0 0.0141509433962264 0 0.429245283018868 0 0 0.00471698113207547 0 0 0 0.268867924528302 0 0 0 0.00471698113207547 0.117924528301887 0.122641509433962 0.00471698113207547 0.580188679245283 0 0 0.00471698113207547 0.287735849056604 0.080188679245283 0.0707547169811321 0 0 0.00471698113207547 0.00471698113207547
1.00471698113208 0.849056603773585 1 0.938679245283019 0.0613207547169811 1 1.00471698113208 1.00471698113208 1.00471698113208 1.00471698113208 1.00471698113208 1 0.938679245283019 1.00471698113208 0.900943396226415 0.433962264150943 1.00471698113208 1 1.00471698113208 1 1.00471698113208 0.89622641509434 1.00471698113208 1.00471698113208 0.55188679245283 1.00471698113208 1.00471698113208 1.00471698113208 1.00471698113208 1.00471698113208 0.660377358490566 1 0.872641509433962 0 0.0518867924528302 0.966981132075472 0.533018867924528 0.0235849056603774 0 0.0283018867924528 0.386792452830189 0.127358490566038 0.976415094339623 0.00943396226415094 0.089622641509434 0.0141509433962264 0.542452830188679 0.0849056603773585 0 0.665094339622642 0.0990566037735849 0 0.00943396226415094 0.0471698113207547 0.226415094339623 0.768867924528302 0.358490566037736 1 0.665094339622642 0.537735849056604 0.995283018867924 0.938679245283019 0.278301886792453 0.35377358490566 0.0707547169811321 0 0.0377358490566038 0.136792452830189
0.0188679245283019 0 0.00471698113207547 0 0 0 0.0283018867924528 0.0235849056603774 0.0566037735849057 0 0 0 0 0.0283018867924528 0 0.00471698113207547 0 0 0 0 0.193396226415094 0.0235849056603774 0.00943396226415094 0.462264150943396 0 0 0.00471698113207547 0.858490566037736 0.0660377358490566 0.165094339622642 0 0 0 0.0518867924528302 0 0.0235849056603774 0.264150943396226 0.0707547169811321 0 0.174528301886792 1.00471698113208 0.726415094339623 0.839622641509434 0.264150943396226 0.547169811320755 0 0.00943396226415094 1.00471698113208 0.00471698113207547 0.089622641509434 0.44811320754717 0.254716981132075 0.745283018867924 0.0613207547169811 0.0754716981132075 0.462264150943396 0.10377358490566 0.830188679245283 0.00471698113207547 0.820754716981132 0.330188679245283 0.825471698113208 0.981132075471698 1 0 0 0.325471698113208 0.797169811320755
0 0.382075471698113 0.891509433962264 0 0 0 0.0471698113207547 0.00471698113207547 0.0566037735849057 0.245283018867925 0.44811320754717 0.0471698113207547 0.0660377358490566 0.0754716981132075 0 0.0330188679245283 0.830188679245283 0 0.358490566037736 0.00471698113207547 0.0990566037735849 0.264150943396226 0.566037735849057 0.283018867924528 0.212264150943396 1 1.00471698113208 0.372641509433962 0.165094339622642 0.00471698113207547 0.0141509433962264 0 0 0.966981132075472 0.0235849056603774 0 0.622641509433962 0.00471698113207547 0.0141509433962264 0.0518867924528302 0.174528301886792 0.0235849056603774 1.00471698113208 0.202830188679245 0.745283018867924 0.226415094339623 0.985849056603774 0.089622641509434 0.537735849056604 0.75 0.915094339622642 0.0283018867924528 0.660377358490566 0.169811320754717 0.320754716981132 1.00471698113208 0.806603773584906 1.00471698113208 1 0.952830188679245 1.00471698113208 0.523584905660377 0.132075471698113 0.136792452830189 0.0471698113207547 0.132075471698113 0 0.693396226415094
0 0.0188679245283019 0.995283018867924 0 0 0.00471698113207547 0.0943396226415094 0.0235849056603774 0.00471698113207547 0.00471698113207547 0 0 0 0.0141509433962264 0 0.0424528301886792 0.589622641509434 0 0.0377358490566038 0 0.108490566037736 0.0188679245283019 0.882075471698113 0.0235849056603774 0 0.844339622641509 0.995283018867924 0.169811320754717 0 0.0330188679245283 0 0 0 0.533018867924528 0.264150943396226 0.622641509433962 0 0 0.00471698113207547 0.712264150943396 1.00471698113208 0.933962264150943 0.00471698113207547 0.283018867924528 0.0471698113207547 0.00943396226415094 0.0188679245283019 0.825471698113208 0.0283018867924528 0.174528301886792 1.00471698113208 0.0330188679245283 0.674528301886792 0 0.995283018867924 0.35377358490566 1.00471698113208 0.386792452830189 0 1.00471698113208 1.00471698113208 0.976415094339623 0.212264150943396 0.495283018867925 0 0.0141509433962264 0.00471698113207547 0.443396226415094
0 0 0 0.985849056603774 0 0.174528301886792 0.235849056603774 0.0424528301886792 0.816037735849057 0.971698113207547 0 0.627358490566038 0 0 0.0188679245283019 0 0 0 0 0.943396226415094 0 0 0 0.877358490566038 0 0 0 0.995283018867924 0.0518867924528302 0 0 0 0 0.0235849056603774 0.0707547169811321 0.00471698113207547 0 0 0.0330188679245283 0.971698113207547 0.264150943396226 0.5 1 0.985849056603774 0.268867924528302 1.00471698113208 0.0141509433962264 0.627358490566038 0.825471698113208 0.00471698113207547 0 0.0707547169811321 0.10377358490566 0.985849056603774 0 0 0 1 0.00471698113207547 0.240566037735849 0.320754716981132 0.919811320754717 0.863207547169811 0.00471698113207547 0 0.00471698113207547 0.141509433962264 0.839622641509434
0 0 0 0 0 0 0 0 0.00471698113207547 0 0 0 0 0 0 0 0 0 0 0 0 0 0 0 0 0.00471698113207547 0 0 0 0 0 0 0 0 0 0.0141509433962264 0.00471698113207547 0.0330188679245283 0 0.471698113207547 0.108490566037736 0.443396226415094 0.915094339622642 0.188679245283019 0.382075471698113 0.688679245283019 0.14622641509434 0.0754716981132075 0.778301886792453 0 0 0 0 0.0613207547169811 0.00471698113207547 0.0377358490566038 0 0.778301886792453 0.0660377358490566 0.00471698113207547 0.0235849056603774 0.136792452830189 0.0613207547169811 0 0 0.0707547169811321 0 0.122641509433962
0.00471698113207547 0 0 0.212264150943396 0 0.14622641509434 0.183962264150943 0.174528301886792 0.141509433962264 0.504716981132076 0.00471698113207547 0.254716981132075 0.0141509433962264 0.0188679245283019 0.00943396226415094 0 0 0 0 0.283018867924528 0.0188679245283019 0 0.00943396226415094 0.636792452830189 0 0.0424528301886792 0.0283018867924528 0.783018867924528 0.0377358490566038 0.0330188679245283 0.00471698113207547 0 0 0.0283018867924528 0.174528301886792 0.0518867924528302 0.712264150943396 0.971698113207547 0.471698113207547 0 1.00471698113208 1.00471698113208 0.971698113207547 1.00471698113208 0.985849056603774 1.00471698113208 0.75 1.00471698113208 0.981132075471698 0.0424528301886792 0.193396226415094 0.636792452830189 0.268867924528302 1.00471698113208 0.221698113207547 0.0188679245283019 0.452830188679245 1 0.25 0.971698113207547 0.745283018867924 1.00471698113208 1 0.0424528301886792 0.410377358490566 0.933962264150943 0.193396226415094 1.00471698113208
0.0377358490566038 0 0.10377358490566 0.0377358490566038 0 0.122641509433962 0.382075471698113 0.382075471698113 0.287735849056604 0.30188679245283 0 0.00943396226415094 0 0.169811320754717 0 0.00471698113207547 0 0 0 0.0660377358490566 0.0377358490566038 0.00471698113207547 0.174528301886792 0.877358490566038 0 0.0235849056603774 0.367924528301887 0.943396226415094 0.297169811320755 0.330188679245283 0 0 0.0141509433962264 0.386792452830189 1.00471698113208 0.174528301886792 1.00471698113208 0.264150943396226 0.108490566037736 1.00471698113208 0 1.00471698113208 0.94811320754717 1.00471698113208 0.825471698113208 0.476415094339623 0.0943396226415094 1.00471698113208 0.75 0.415094339622642 1.00471698113208 0.726415094339623 0.985849056603774 0.0849056603773585 1 0.235849056603774 1.00471698113208 1.00471698113208 0 1 0.990566037735849 1.00471698113208 1.00471698113208 1.00471698113208 0.0188679245283019 0.122641509433962 0.910377358490566 1.00471698113208
0.00471698113207547 0 0.0235849056603774 0.0283018867924528 0 0.14622641509434 0.25 0.25 0.0849056603773585 0.287735849056604 0.00471698113207547 0.0235849056603774 0.0141509433962264 0.0849056603773585 0 0.0235849056603774 0 0 0 0.0754716981132075 0.0990566037735849 0 0.0660377358490566 0.683962264150943 0 0.00943396226415094 0.0660377358490566 0.900943396226415 0.0990566037735849 0.150943396226415 0.00471698113207547 0 0 0.127358490566038 0.726415094339623 0.0235849056603774 0.933962264150943 0.5 0.443396226415094 1.00471698113208 1.00471698113208 0 0.872641509433962 1.00471698113208 0.957547169811321 1.00471698113208 0.707547169811321 1.00471698113208 0.981132075471698 0.0283018867924528 0.764150943396226 0.334905660377358 0.509433962264151 0.962264150943396 0.424528301886792 0.174528301886792 0.787735849056604 0.966981132075472 0.245283018867925 1 0.707547169811321 1 0.990566037735849 0.669811320754717 0.216981132075472 0.735849056603774 0.0424528301886792 1.00471698113208
0.547169811320755 0.0518867924528302 0.0188679245283019 0.985849056603774 0 0.556603773584906 0.867924528301887 0.830188679245283 0.533018867924528 0.962264150943396 0.0754716981132075 0.745283018867924 0 0.830188679245283 0.14622641509434 0.179245283018868 0 0 0.00943396226415094 0.962264150943396 0.264150943396226 0.320754716981132 0.0990566037735849 1 0 0.14622641509434 0.30188679245283 1 0.971698113207547 0.886792452830189 0 0 0.429245283018868 0.976415094339623 0.839622641509434 1.00471698113208 0.00471698113207547 1 0.915094339622642 0.971698113207547 0.94811320754717 0.872641509433962 0 0.929245283018868 0.382075471698113 0.787735849056604 0.462264150943396 0.957547169811321 0.55188679245283 0.476415094339623 0.207547169811321 0.0518867924528302 0.174528301886792 1 0.150943396226415 1.00471698113208 0.273584905660377 1.00471698113208 0.971698113207547 0.514150943396226 1.00471698113208 1 0.995283018867924 0.933962264150943 0.00943396226415094 0.179245283018868 0.900943396226415 0.981132075471698
0 0 0 0.839622641509434 0 0.221698113207547 0.25 0.117924528301887 0.429245283018868 0.933962264150943 0 0.39622641509434 0 0.0141509433962264 0 0 0 0 0 0.85377358490566 0 0 0.00471698113207547 0.636792452830189 0 0.0188679245283019 0.0283018867924528 0.938679245283019 0.0235849056603774 0 0 0 0 0.00943396226415094 0.264150943396226 0.202830188679245 0.283018867924528 0.985849056603774 0.188679245283019 1.00471698113208 1.00471698113208 1.00471698113208 0.929245283018868 0 0.943396226415094 1.00471698113208 0.44811320754717 1 0.820754716981132 0.0235849056603774 0.0424528301886792 0.792452830188679 0.528301886792453 0.981132075471698 0.0566037735849057 0.0141509433962264 0.207547169811321 1.00471698113208 0.113207547169811 0.981132075471698 0.910377358490566 1.00471698113208 1 0 0.259433962264151 0.358490566037736 0.25 1.00471698113208
0 0 0 0 0 0 0 0.00471698113207547 0 0 0.849056603773585 0 0.797169811320755 0 0 0 0 0.080188679245283 0.0188679245283019 0 0.00471698113207547 0 0 0 0.0330188679245283 0.863207547169811 0.683962264150943 0.0566037735849057 0 0 0.523584905660377 0 0 0.089622641509434 0.547169811320755 0.745283018867924 0.0471698113207547 0.268867924528302 0.382075471698113 0.985849056603774 0.825471698113208 0.957547169811321 0.382075471698113 0.943396226415094 0 0.990566037735849 1.00471698113208 0.990566037735849 0.292452830188679 0.0141509433962264 0.94811320754717 0.872641509433962 0.849056603773585 0.924528301886792 0.69811320754717 0.320754716981132 0.679245283018868 0.570754716981132 0.938679245283019 0.995283018867924 0.919811320754717 0.735849056603774 1 0.952830188679245 0.905660377358491 0.966981132075472 0.122641509433962 1.00471698113208
0 0 0 0.783018867924528 0.00471698113207547 0.25 0.0943396226415094 0.0566037735849057 0.608490566037736 0.792452830188679 0.00943396226415094 0.627358490566038 0.00943396226415094 0 0.0990566037735849 0 0 0 0 0.778301886792453 0 0 0 0.462264150943396 0 0.0566037735849057 0.0424528301886792 0.764150943396226 0.00471698113207547 0 0.00471698113207547 0 0.00471698113207547 0.0141509433962264 0 0.226415094339623 0.00943396226415094 1.00471698113208 0.688679245283019 1.00471698113208 0.476415094339623 1.00471698113208 0.787735849056604 1.00471698113208 0.990566037735849 0 0.75 1 0.900943396226415 0 0.00471698113207547 0.89622641509434 0.485849056603774 1.00471698113208 0 0.108490566037736 0.00471698113207547 1.00471698113208 0.283018867924528 0.971698113207547 0.863207547169811 1.00471698113208 1 0 0.523584905660377 0.693396226415094 0.0235849056603774 1
