0.00747950585982809 0.00241745439185076 0.0134685258056029 -0.0197656629660655 -0.0205665927593864 -0.00629273256600012 0.00383120417184252 -8.7659760634036e-07 -0.00373356850367148 -0.00633856284038666 -6.74123190065829e-05 -0.0137093425133845 -0.00437361567750413 0.00196064921142545 -0.014543045071737 0.0278364291728235 0.0127482791764922 -0.000767208890742691 0.00546560920767956 -0.015054626480209 0.0142054218304872 0.0077581018063442 0.0165888867442312 0.00142758544474843 -0.00150847547169024 0.0065291341738355 0.00896575467771311 0.00388106226185035 0.00243917994451302 0.0107591983893629 -0.0114686567711968 -0.0155057920896416 0.00365328828558148 0.00434697588668203 0.00936759137922447 0.00894975522092593 0.0152774471149016 -0.0142017724830968 -0.0145017930069414 -0.00462419857426073 0.00756133224453665 0.00065687918475482 -0.00169805165352508 -0.00638397891000705 0.00152090015676579 -0.0104323449038246 -0.00175163692765874 0.00339945240712525 -0.00741212150424376 0.0180658594751674 0.0195058380655833 0.00473542435041124 0.0116180275923436 -0.00991318978768876 0.0178869744230611 0.0110214047701492 0.0196700647130552 0.00205542217495589 -7.42374238697936e-05 0.00883702712371488 0.0095163238935567 0.00420153690776002 0.00324496177575948 0.0143009633580268 -0.00719855273519896 -0.00745629980905387 0.00778014460837414 0.00330226771295416
0.00241745439185076 0.000781346501520471 0.00435316817323257 -0.00638846865563592 -0.00664733752781997 -0.00203387687148211 0.00123828519221329 -2.83325499444435e-07 -0.00120672832478852 -0.00204868969470491 -2.17883653949105e-05 -0.00443100264769757 -0.00141359825448318 0.000633702297433341 -0.00470046401973972 0.00899702456531419 0.00412037694218199 -0.000247969924370846 0.00176654196558763 -0.00486581247268259 0.00459134066284336 0.00250749951075019 0.00536170141013546 0.000461410522008554 -0.000487555023336868 0.00211028433954383 0.00289782552859611 0.00125439984750169 0.000788368426990288 0.00347748526261021 -0.00370678961949444 -0.00501163390853876 0.00118078092004849 0.00140498799592763 0.00302770334633979 0.00289265433710269 0.00493783042841755 -0.00459016115566181 -0.00468713092166049 -0.00149458926319948 0.00244390153378636 0.000212310211377705 -0.000548828024783179 -0.00206336864262232 0.000491570811286788 -0.00337184280321325 -0.000566147344898788 0.00109873851368056 -0.00239567506452591 0.00583907441872181 0.00630449053481427 0.00153053859542558 0.00375506782855839 -0.00320404644887184 0.00578125690203619 0.0035622331027326 0.00635757030206497 0.00066433390882707 -2.39943105516658e-05 0.00285621943902319 0.00307577524797631 0.00135798059932545 0.00104880552849489 0.0046222206821499 -0.00232664740837251 -0.0024099539539324 0.00251462397452823 0.00106732740576147
0.0134685258056029 0.00435316817323257 0.0242530978350436 -0.0355925039317265 -0.0370347574431192 -0.0113314746376679 0.00689894135014163 -1.57851035929214e-06 -0.00672312645796114 -0.0114140023132686 -0.000121390981593076 -0.0246867422634271 -0.00787567477320057 0.00353058811567342 -0.0261880104797777 0.0501257264418573 0.0229561324348722 -0.00138153147238706 0.00984205374479982 -0.0271092274065106 0.0255800442019828 0.0139702002163607 0.0298720067058064 0.00257068739066932 -0.00271634800457875 0.0117571686895595 0.0161448497409506 0.00698872201005062 0.00439228989760266 0.0193743468981072 -0.0206518856423514 -0.0279216521531613 0.0065785639414944 0.0078277038621715 0.0168684467385828 0.0161160391349223 0.0275104658739468 -0.025573472734506 -0.0261137268961229 -0.0083269054125849 0.0136158725414275 0.00118285812149054 -0.00305772238746197 -0.0114957841204006 0.00273872143334566 -0.0187857739780341 -0.00315421467732643 0.00612147557985037 -0.0133471851784158 0.0325316269686405 0.0351246309943073 0.00852719233854043 0.0209208612668008 -0.017850918894045 0.0322095043597833 0.0198465082242962 0.0354203578619501 0.00370124806686604 -0.000133681111810076 0.0159130469433582 0.0171362729486237 0.00756580840043084 0.00584328059019881 0.0257520881248421 -0.0129626067676146 -0.0134267381127318 0.0140098932192852 0.00594647276738075
-0.0197656629660655 -0.00638846865563592 -0.0355925039317265 0.0522335886634456 0.0543501600855349 0.0166294449614886 -0.0101245044571118 2.31653443001401e-06 0.00986648825300658 0.0167505580101503 0.000178146685384859 0.0362288964918518 0.0115579043649059 -0.00518129569439341 0.0384320746283713 -0.0735617415802689 -0.0336891492997169 0.00202745911871476 -0.0144436533011422 0.0397840015990915 -0.0375398569710662 -0.0205018925627458 -0.0438385035741173 -0.00377259852254554 0.00398636197695167 -0.0172541699891414 -0.0236932878344152 -0.0102562615840791 -0.00644588153286624 -0.0284327191039955 0.0303075642510654 0.0409762711881589 -0.00965433630562572 -0.0114875049111527 -0.0247551987357928 -0.023651006983725 -0.0403728369646566 0.0375302130491394 0.0383230601527246 0.0122201054748687 -0.0199819008796645 -0.0017358971058532 0.00448734412560757 0.0168705764635325 -0.00401919598260194 0.027568962065027 0.00462895086919723 -0.00898353872670967 0.0195875901780195 -0.0477416150572634 -0.0515469642380667 -0.0125140354811727 -0.0307022979892405 0.0261970204896131 -0.047268885746549 -0.029125636931363 -0.0519809566200249 -0.00543174679243973 0.000196183000211328 -0.023353106879355 -0.025148245657004 -0.0111031616278696 -0.00857527515847168 -0.0377923391093254 0.019023204189409 0.0197043376610289 -0.0205601438167613 -0.00872671428583811
-0.0205665927593864 -0.00664733752781997 -0.0370347574431192 0.0543501600855349 0.0565524976726424 0.0173032912138968 -0.0105347622499434 2.41040335034505e-06 0.0102662909012077 0.0174293119172726 0.000185365415571196 0.0376969374388861 0.0120262453444167 -0.00539124838339603 0.0399893911546038 -0.0765425568750234 -0.0350542764615077 0.00210961433990348 -0.0150289284964718 0.0413960999250088 -0.0390610197034649 -0.0213326553153617 -0.0456148954749302 -0.00392546901113642 0.00414789443249256 -0.0179533308939414 -0.0246533699809585 -0.0106718583432106 -0.00670707684783003 -0.0295848490312644 0.0315356652873595 0.042636681793669 -0.0100455422871904 -0.011952993215292 -0.0257583108621665 -0.0246093758564427 -0.042008795648228 0.0390509849975604 0.0398759592738035 0.0127152796852734 -0.0207915929081679 -0.00180623786359071 0.00466917701475745 0.0175541936709765 -0.00418205891379673 0.0286860914589017 0.00481652184363527 -0.00934756313752892 0.0203813042355682 -0.049676165997764 -0.0536357127654698 -0.0130211201091335 -0.0319463941384674 0.0272585570665745 -0.0491842810943545 -0.0303058447699681 -0.05408729107052 -0.00565184807835709 0.000204132584805687 -0.0242994044610953 -0.0261672845443425 -0.0115530758535187 -0.00892275621044228 -0.0393237327389705 0.0197940486091426 0.0205027824750211 -0.0213932669842502 -0.00908033184378832
-0.00629273256600012 -0.00203387687148211 -0.0113314746376679 0.0166294449614886 0.0173032912138968 0.00529426460641994 -0.00322330695516068 7.37507852533793e-07 0.0031411631397513 0.00533282299056265 5.67160054570854e-05 0.0115340809552367 0.00367965402003595 -0.00164955297508424 0.012235499917615 -0.0234196225873413 -0.0107255095507362 0.00064547584588861 -0.00459838092231748 0.0126659086972299 -0.0119514473605252 -0.00652712368999315 -0.013956727864842 -0.00120107044332507 0.00126912564862082 -0.00549315636800948 -0.00754315826426933 -0.00326525406136671 -0.00205215523041575 -0.00905203623844153 0.00964892484943469 0.0130454878534392 -0.00307362098492877 -0.00365724116517638 -0.00788123553103047 -0.00752969744150245 -0.0128533743788651 0.0119483770551337 0.0122007933184867 0.00389047692524578 -0.00636157555716336 -0.000552652155810901 0.00142862177517342 0.00537103289181494 -0.0012795789087509 0.00877704459978206 0.00147370467315068 -0.00286006124866866 0.00623604008700871 -0.0151993493130013 -0.0164108464814067 -0.00398405450602156 -0.00977459500041208 0.00834026383279852 -0.0150488479544817 -0.00927263832931616 -0.0165490152845494 -0.00172928831123625 6.24581708412675e-05 -0.0074348559129687 -0.00800636865534398 -0.00353487899096593 -0.00273008364782758 -0.0120318293126249 0.00605635827737647 0.00627320861960955 -0.00654566896033309 -0.00277829685120869
0.00383120417184252 0.00123828519221329 0.00689894135014163 -0.0101245044571118 -0.0105347622499434 -0.00322330695516068 0.00196244587295248 -4.49016882850005e-07 -0.00191243425637944 -0.00324678245497538 -3.45304038330595e-05 -0.0070222941481463 -0.00224028364222377 0.00100429728635918 -0.00744933903312877 0.0142585680892255 0.0065300116451694 -0.000392985039115355 0.00279963211347817 -0.00771138479699423 0.00727639932365747 0.00397390851255086 0.00849727419054159 0.000731247680539628 -0.000772681729056711 0.00334439822016439 0.00459250081071005 0.00198798452831527 0.00124941360491262 0.00551115094065262 -0.00587455461506236 -0.00794248396282732 0.00187131256836596 0.00222663802449883 0.00479833238248519 0.00458430545840483 0.00782551952209576 -0.00727453002972171 -0.00742820861546426 -0.00236863894502559 0.00387311784800474 0.000336471194781178 -0.000869787750809906 -0.00327004578796277 0.000779045987095593 -0.00534372778986652 -0.000897235570178941 0.00174129100080118 -0.00379668809162683 0.0092538193680582 0.00999141515130318 0.00242561178060995 0.00595106636916137 -0.00507780256913025 0.00916218963064588 0.00564546010475766 0.0100755364594101 0.0010528425485811 -3.80264062047719e-05 0.00452656309354641 0.00487451717865718 0.00215214026579164 0.00166215674213604 0.00732533826504665 -0.00368729242107399 -0.00381931740817065 0.00398519942891337 0.00169151038524644
-8.7659760634036e-07 -2.83325499444435e-07 -1.57851035929214e-06 2.31653443001401e-06 2.41040335034505e-06 7.37507852533793e-07 -4.49016882850005e-07 1.0273718315655e-10 4.37573988811796e-07 7.42879157748078e-07 7.90071945747249e-09 1.60673406197575e-06 5.12587476472799e-07 -2.2978796164058e-07 1.7044439482634e-06 -3.26242771103609e-06 -1.494097500624e-06 8.99168327148745e-08 -6.40569048067282e-07 1.76440125647588e-06 -1.66487452607549e-06 -9.0924903337698e-07 -1.94421646086907e-06 -1.67312922426345e-07 1.76793228388112e-07 -7.65214105787303e-07 -1.05078587233019e-06 -4.54860247796385e-07 -2.85871732820953e-07 -1.26097736013717e-06 1.34412583691743e-06 1.81727783692164e-06 -4.28165152408292e-07 -5.09465294699604e-07 -1.09788110793612e-06 -1.04891073702242e-06 -1.7905158205494e-06 1.66444682279575e-06 1.6996092089191e-06 5.41955775876968e-07 -8.86187653372245e-07 -7.69861982599098e-08 1.99011544722099e-07 7.48201918190374e-07 -1.78249400680891e-07 1.22267015262689e-06 2.05291735408618e-07 -3.98415603757874e-07 8.6870016419418e-07 -2.11731757006432e-06 -2.28608296836684e-06 -5.54991429697437e-07 -1.36163208756129e-06 1.16182520636268e-06 -2.09635225344779e-06 -1.29170793112301e-06 -2.30533032090177e-06 -2.4089534687879e-07 8.70062130904347e-09 -1.03569901127016e-06 -1.11531254906231e-06 -4.92419855711934e-07 -3.80309311685212e-07 -1.67607198696621e-06 8.43669918180303e-07 8.73877858680217e-07 -9.11832448359013e-07 -3.87025563843492e-07
-0.00373356850367148 -0.00120672832478852 -0.00672312645796114 0.00986648825300658 0.0102662909012077 0.0031411631397513 -0.00191243425637944 4.37573988811796e-07 0.00186369715230467 0.00316404038220166 3.36504196559606e-05 0.00684333569265941 0.00218319151648723 -0.000978703443745232 0.00725949762522949 -0.0138951980467763 -0.00636359867902507 0.00038297007902598 -0.00272828536718845 0.00751486532859521 -0.00709096516823814 -0.00387263611998952 -0.00828072685815885 -0.000712612323955728 0.000752990453542222 -0.00325916847509999 -0.00447546400841034 -0.00193732207624281 -0.00121757313735567 -0.00537070295606418 0.00572484553161952 0.00774007508721903 -0.00182362342292389 -0.0021698936481759 -0.0046760501006601 -0.0044674775091608 -0.00762609140679437 0.00708914351200432 0.0072389057020839 0.00230827577050381 -0.00377441403791432 -0.000327896452102567 0.000847621793474233 0.00318671086475399 -0.000759192522734421 0.0052075464719607 0.00087437012357991 -0.00169691536778403 0.0036999320426051 -0.00901799198935183 -0.00973679063887406 -0.0023637966915933 -0.00579940743499293 0.00494839817708 -0.00892869737432802 -0.00550158934122278 -0.00981876817187633 -0.00102601156252582 3.70573287525094e-05 -0.00441120666973456 -0.00475029337840992 -0.00209729441487283 -0.00161979779261406 -0.00713865693353651 0.00359332424732865 0.00372198466619759 -0.00388363929492299 -0.00164840337782157
-0.00633856284038666 -0.00204868969470491 -0.0114140023132686 0.0167505580101503 0.0174293119172726 0.00533282299056265 -0.00324678245497538 7.42879157748078e-07 0.00316404038220166 0.00537166219727436 5.71290708567262e-05 0.0116180842224074 0.00370645311750546 -0.00166156674885745 0.0123246116528746 -0.0235901888267214 -0.0108036239534206 0.0006501768775655 -0.00463187115206955 0.0127581551203634 -0.0120384903273293 -0.00657466104622589 -0.0140583753861493 -0.00120981789721698 0.00127836875185098 -0.00553316329043208 -0.00759809544924688 -0.00328903506397641 -0.00206710117580709 -0.00911796265438462 0.00971919843388258 0.0131404987698509 -0.00309600631461219 -0.00368387702874437 -0.00793863494902635 -0.00758453659065941 -0.0129469861235877 0.0120353976607557 0.0122896522839131 0.00391881145608886 -0.00640790721837058 -0.000556677148081823 0.00143902649637587 0.00541015038307797 -0.00128889814357809 0.00884096823837499 0.00148443773527065 -0.00288089121250616 0.00628145746734 -0.0153100469061702 -0.0165303674668085 -0.00401307056689287 -0.00984578384662281 0.00840100637602665 -0.0151584494390071 -0.00934017140091305 -0.0166695425599998 -0.00174188280130335 6.29130567079899e-05 -0.00748900432670502 -0.00806467942391165 -0.0035606236849252 -0.00274996697853739 -0.012119457705058 0.00610046702643329 0.00631889670015411 -0.006593341382663 -0.00279853132100106
-6.74123190065829e-05 -2.17883653949105e-05 -0.000121390981593076 0.000178146685384859 0.000185365415571196 5.67160054570854e-05 -3.45304038330595e-05 7.90071945747249e-09 3.36504196559606e-05 5.71290708567262e-05 6.07583019388094e-07 0.000123561447534453 3.94191248445491e-05 -1.76712088442238e-05 0.000131075556604428 -0.000250887996957282 -0.000114899443724806 6.91480579822977e-06 -4.92611943059404e-05 0.000135686407876165 -0.000128032579425225 -6.99232868662854e-05 -0.00014951459977757 -1.28667384201699e-05 1.35957951791117e-05 -5.88466783784961e-05 -8.08077867436352e-05 -3.49797716832431e-05 -2.19841764436762e-05 -9.69719828651237e-05 0.000103366286934722 0.000139752735325846 -3.29268590661003e-05 -3.91790220742828e-05 -8.44295158282167e-05 -8.06635846392339e-05 -0.000137694676335157 0.000127999688085202 0.00013070375432179 4.16776128369816e-05 -6.81498150995742e-05 -5.92041105139181e-06 1.53044334615602e-05 5.75384030546884e-05 -1.37077780894223e-05 9.40260728212715e-05 1.57873941894011e-05 -3.06390521528504e-05 6.68049880197725e-05 -0.000162826462722508 -0.000175804899790274 -4.26800838082103e-05 -0.000104712556813258 8.93469601955541e-05 -0.000161214182924338 -9.93352325928985e-05 -0.00017728506430331 -1.85253916432543e-05 6.69097263098134e-07 -7.96475733421492e-05 -8.57700326873139e-05 -3.7868189644063e-05 -2.92466377446883e-05 -0.000128893689243652 6.48801060478205e-05 6.72031643208333e-05 -7.01219572637808e-05 -2.97631325762369e-05
-0.0137093425133845 -0.00443100264769757 -0.0246867422634271 0.0362288964918518 0.0376969374388861 0.0115340809552367 -0.0070222941481463 1.60673406197575e-06 0.00684333569265941 0.0116180842224074 0.000123561447534453 0.0251281402370091 0.00801649152611138 -0.00359371489129986 0.0266562510695879 -0.0510219724446578 -0.0233665871732864 0.0014062332003771 -0.0100180292758149 0.0275939393184722 -0.0260374143788336 -0.0142199868427303 -0.0304061170021781 -0.00261665117936393 0.00276491619927898 -0.0119673863999101 -0.0164335190146603 -0.00711368008269735 -0.00447082386694939 -0.0197207594530343 0.0210211405394095 0.0284208901874047 -0.0066961884041258 -0.00796766289709371 -0.0171700538979413 -0.0164041932761377 -0.0280023519138091 0.0260307254137787 0.0265806392984005 0.00847579015145016 -0.0138593238030078 -0.00120400757783798 0.00311239434260291 0.0117013282850107 -0.00278768966406581 0.0191216628724695 0.00321061191078713 -0.00623092732068541 0.0135858323205908 -0.0331132911699376 -0.0357526580048486 -0.00867965819970641 -0.0212949254373672 0.0181700926166176 -0.0327854090215966 -0.0202013630050285 -0.0360536724571681 -0.00376742623565826 0.000136071324792798 -0.0161975715922309 -0.0174426688300064 -0.00770108475487342 -0.00594775821564095 -0.0262125344402173 0.0131943776630415 0.0136668076582204 -0.0142603895549745 -0.00605279546486243
-0.00437361567750413 -0.00141359825448318 -0.00787567477320057 0.0115579043649059 0.0120262453444167 0.00367965402003595 -0.00224028364222377 5.12587476472799e-07 0.00218319151648723 0.00370645311750546 3.94191248445491e-05 0.00801649152611138 0.00255745693004237 -0.00114648297492925 0.00850399626879364 -0.0162772575244419 -0.00745451300024616 0.000448622796125452 -0.00319599644225263 0.0088031417618709 -0.00830657222385089 -0.00453652371209988 -0.00970029524631961 -0.000834775745769914 0.000882075914606812 -0.00381788905823135 -0.00524269463170168 -0.00226943799121356 -0.00142630219769906 -0.00629140475787743 0.00670625813983558 0.00906695932141894 -0.00213624793130767 -0.00254187940273395 -0.00547766727968983 -0.00523333900362312 -0.00893343537209414 0.00830443828034472 0.00847987426385093 0.0027039844288248 -0.00442146337836856 -0.000384107874839721 0.000992929943802438 0.00373301001014314 -0.000889341207054317 0.00610027829105093 0.00102426375106544 -0.00198781826251204 0.00433421290417588 -0.0105639500401427 -0.0114059726357982 -0.00276902332409823 -0.00679360222076454 0.00579670409811082 -0.0104593476127865 -0.00644472904951386 -0.0115020036107728 -0.00120190114383884 4.34100817593197e-05 -0.00516742163120612 -0.00556463811287439 -0.00245683445320729 -0.00189748038992639 -0.00836243980795754 0.00420932929100346 0.00436004601803983 -0.00454941316580725 -0.00193098984229206
0.00196064921142545 0.000633702297433341 0.00353058811567342 -0.00518129569439341 -0.00539124838339603 -0.00164955297508424 0.00100429728635918 -2.2978796164058e-07 -0.000978703443745232 -0.00166156674885745 -1.76712088442238e-05 -0.00359371489129986 -0.00114648297492925 0.000513957125284158 -0.00381225850824876 0.00729693564380084 0.00334178540438974 -0.000201113219886939 0.00143273400460213 -0.00394636251243006 0.00372375523622502 0.00203367929296826 0.0043485476611754 0.000374221817449422 -0.000395426021377847 0.00171152239320738 0.0023502488223328 0.00101736689639613 0.000639397351156586 0.00282037533401427 -0.0030063500551991 -0.00406462934889412 0.000957659092789295 0.00113949972151028 0.00245558476653891 0.00234605478559817 0.00400477186592034 -0.00372279861018352 -0.00380144484892057 -0.00121216982217959 0.00198209886861662 0.000172191810492269 -0.000445120800469586 -0.00167347194456904 0.000398682981055681 -0.00273469520478084 -0.000459167440373762 0.0008911195212917 -0.00194298533280636 0.00473571567393947 0.00511318618344628 0.00124132612399773 0.00304550555399541 -0.00259860585768557 0.00468882342692195 0.00288910911714834 0.00515623593203866 0.000538800549394354 -1.94603158679674e-05 0.00231650467105258 0.00249457294201518 0.00110137490087667 0.000850621934922156 0.0037488001287807 -0.00188700122817963 -0.00195456606555948 0.00203945750923382 0.000865643895286435
-0.014543045071737 -0.00470046401973972 -0.0261880104797777 0.0384320746283713 0.0399893911546038 0.012235499917615 -0.00744933903312877 1.7044439482634e-06 0.00725949762522949 0.0123246116528746 0.000131075556604428 0.0266562510695879 0.00850399626879364 -0.00381225850824876 0.0282772904951553 -0.0541247579296491 -0.0247875731532717 0.00149175008170457 -0.0106272529952416 0.0292720021272739 -0.0276208206551977 -0.0150847430773163 -0.0322551960159626 -0.00277577688363618 0.00293305830432295 -0.0126951558497329 -0.0174328861857614 -0.00754628239593419 -0.0047427068760857 -0.0209200326926224 0.0222994935041912 0.030149242136943 -0.00710340190822199 -0.00845219823749478 -0.0182142117667661 -0.0174017770689909 -0.029705251407905 0.0276137249159103 0.0281970805656667 0.00899122609788044 -0.0147021471331801 -0.00127722656678215 0.00330166754250266 0.0124129180142637 -0.00295721668569763 0.0202845034128651 0.00340585798923962 -0.00660984702767299 0.0144120238868141 -0.0351270008381363 -0.0379268747783696 -0.00920749191891329 -0.0225899280094983 0.0192750655710235 -0.0347791792809109 -0.0214298630591381 -0.038246194741603 -0.003996533713862 0.000144346193663236 -0.0171825901562035 -0.0185034051573594 -0.00816940875042313 -0.00630945763601804 -0.0278065902457658 0.0139967638024794 0.014497923555868 -0.0151276027888315 -0.00642088248722063
0.0278364291728235 0.00899702456531419 0.0501257264418573 -0.0735617415802689 -0.0765425568750234 -0.0234196225873413 0.0142585680892255 -3.26242771103609e-06 -0.0138951980467763 -0.0235901888267214 -0.000250887996957282 -0.0510219724446578 -0.0162772575244419 0.00729693564380084 -0.0541247579296491 0.103598660608767 0.0474451891638684 -0.00285531642706811 0.0203413228690753 -0.0560287071891246 0.0528682276697253 0.0288732779270552 0.0617387538115246 0.00531303562904177 -0.00561408352551407 0.0242994369408797 0.0333677919028741 0.0144441246242701 0.00907788041585528 0.0400424399064164 -0.04268282663344 -0.0577078073553049 0.0135964196720118 0.0161781123851378 0.0348633049876007 0.033308246826768 0.0568579773216847 -0.052854645916858 -0.0539712303836537 -0.0172098502903558 0.028140961906014 0.0024447030651768 -0.00631962799026848 -0.0237592135228696 0.00566032439657987 -0.0388259913775178 -0.00651905596266159 0.0126517203048894 -0.0275856452471561 0.0672355937880416 0.0725947529081356 0.0176237985508465 0.0432387390641893 -0.0368938550986171 0.0665698384324935 0.0410182917185826 0.0732059541728067 0.00764965157667855 -0.000276288946121887 0.0328887073875844 0.0354168418359561 0.0156368330664766 0.0120767535091582 0.0532238039623658 -0.0267908077238683 -0.0277500633619178 0.0289553144825411 0.0122900286494946
0.0127482791764922 0.00412037694218199 0.0229561324348722 -0.0336891492997169 -0.0350542764615077 -0.0107255095507362 0.0065300116451694 -1.494097500624e-06 -0.00636359867902507 -0.0108036239534206 -0.000114899443724806 -0.0233665871732864 -0.00745451300024616 0.00334178540438974 -0.0247875731532717 0.0474451891638684 0.0217285239168889 -0.00130765231141881 0.00931573734347031 -0.0256595268276089 0.0242121186491122 0.0132231259070366 0.0282745629732726 0.00243321659732854 -0.00257108782376701 0.0111284390692013 0.0152814832692777 0.00661499116955753 0.00415740658234708 0.0183382789389266 -0.0195474996662339 -0.0264285061227212 0.00622676682786526 0.0074091073949872 0.0159663849927648 0.0152542133472244 0.0260393085552496 -0.0242058985992565 -0.0247172619791811 -0.00788161350455417 0.0128877463573217 0.0011196032718495 -0.00289420677527747 -0.0108810323739059 0.00259226480483923 -0.0177811807079016 -0.00298553901663231 0.00579412185048107 -0.0126334273944072 0.0307919566437781 0.0332462964655288 0.00807118983119419 0.0198020914754374 -0.0168963181941959 0.0304870599530755 0.0187851908348146 0.0335262089610101 0.0035033190966031 -0.000126532343522687 0.0150620764225112 0.016219888853964 0.00716121712774375 0.00553080369341119 0.0243749623033388 -0.0122694148055828 -0.0127087261338985 0.0132606962759053 0.0056284775370473
-0.000767208890742691 -0.000247969924370846 -0.00138153147238706 0.00202745911871476 0.00210961433990348 0.00064547584588861 -0.000392985039115355 8.99168327148745e-08 0.00038297007902598 0.0006501768775655 6.91480579822977e-06 0.0014062332003771 0.000448622796125452 -0.000201113219886939 0.00149175008170457 -0.00285531642706811 -0.00130765231141881 7.86963060214995e-05 -0.000560633824752863 0.00154422544736025 -0.00145711844195955 -0.000795785816959171 -0.00170160190207944 -0.000146434305424961 0.000154731584550778 -0.00066972469584156 -0.000919660580507582 -0.000398099223213385 -0.000250198418802317 -0.00110362272806259 0.00117639528661868 0.0015905036739224 -0.000374735350927134 -0.000445890224649573 -0.000960878903723565 -0.00091801943927122 -0.00156708123157659 0.00145674411084521 0.00148751865900554 0.000474326289091784 -0.000775602216588308 -6.73792574178546e-05 0.000174177325339339 0.000654835422267296 -0.00015600604425885 0.00107009579396097 0.000179673824640053 -0.000348698183981779 0.00076029695328718 -0.00185310209899014 -0.00200080762897439 -0.000485735251921901 -0.00119171697018294 0.0010168435566824 -0.00183475299879971 -0.00113051849769213 -0.00201765314609792 -0.000210834538592378 7.61488963123138e-06 -0.000906456376144104 -0.000976135113087753 -0.000430971849053559 -0.000332851336858246 -0.00146691859597203 0.000738390177429675 0.000764828534499021 -0.000798046853184181 -0.00033872948246466
0.00546560920767956 0.00176654196558763 0.00984205374479982 -0.0144436533011422 -0.0150289284964718 -0.00459838092231748 0.00279963211347817 -6.40569048067282e-07 -0.00272828536718845 -0.00463187115206955 -4.92611943059404e-05 -0.0100180292758149 -0.00319599644225263 0.00143273400460213 -0.0106272529952416 0.0203413228690753 0.00931573734347031 -0.000560633824752863 0.00399396491839345 -0.0110010883941333 0.0103805366037199 0.00566919171687699 0.0121222409385889 0.00104320048647514 -0.00110231044431837 0.0047711301424812 0.00655167764270341 0.00283606564811682 0.00178241779788165 0.0078622271158304 -0.00838066006272376 -0.0113307752685493 0.00266962102392697 0.00317652955650688 0.0068453176794818 0.00653998612457739 0.0111639133902574 -0.0103778698624842 -0.010597108267848 -0.00337910856402472 0.00552540340399088 0.000480010977705352 -0.00124084223297012 -0.00466505870388724 0.00111138971699013 -0.00762338066613176 -0.00127999938762575 0.0024841318030439 -0.00541636844749601 0.0132015309223101 0.0142537876342019 0.00346038620958745 0.00848981199745298 -0.00724401082056402 0.0130708116199615 0.00805383303686259 0.0143737953851671 0.00150198884467027 -5.42486034587424e-05 0.00645761066587361 0.00695400317489423 0.00307025079461419 0.0023712385941719 0.0104503530678584 -0.00526030420308737 -0.00544865150924835 0.00568529937746256 0.00241311460361099
-0.015054626480209 -0.00486581247268259 -0.0271092274065106 0.0397840015990915 0.0413960999250088 0.0126659086972299 -0.00771138479699423 1.76440125647588e-06 0.00751486532859521 0.0127581551203634 0.000135686407876165 0.0275939393184722 0.0088031417618709 -0.00394636251243006 0.0292720021272739 -0.0560287071891246 -0.0256595268276089 0.00154422544736025 -0.0110010883941333 0.0303017047791736 -0.0285924396156173 -0.0156153798230504 -0.0333898386253328 -0.00287342052296549 0.00303623463988778 -0.0131417339685754 -0.0180461236765793 -0.0078117383412191 -0.00490954130805433 -0.0216559377068323 0.0230839238789039 0.0312098035036098 -0.00735327862490857 -0.00874952162868917 -0.0188549339857983 -0.0180139202328851 -0.0307501944909601 0.0285850942691616 0.0291889706491689 0.00930751089850878 -0.0152193252826566 -0.00132215562825099 0.00341781046328493 0.0128495678389504 -0.00306124284182679 0.0209980523824873 0.0035256660224676 -0.00684236194016354 0.0149189963566496 -0.036362665066331 -0.0392610303092332 -0.00953138431291583 -0.0233845750130229 0.0199531054962642 -0.0360026081731588 -0.0221837024011106 -0.0395915830064462 -0.00413711997597271 0.00014942386678448 -0.0177870229713358 -0.0191543003464506 -0.00845678444198628 -0.00653140573617219 -0.0287847440321675 0.0144891286479984 0.0150079177225672 -0.0156597472127359 -0.00664675018482056
0.0142054218304872 0.00459134066284336 0.0255800442019828 -0.0375398569710662 -0.0390610197034649 -0.0119514473605252 0.00727639932365747 -1.66487452607549e-06 -0.00709096516823814 -0.0120384903273293 -0.000128032579425225 -0.0260374143788336 -0.00830657222385089 0.00372375523622502 -0.0276208206551977 0.0528682276697253 0.0242121186491122 -0.00145711844195955 0.0103805366037199 -0.0285924396156173 0.0269795910537222 0.0147345440766212 0.0315063773351195 0.00271133599221235 -0.00286496605496282 0.0124004321763195 0.0170281740013912 0.00737109210330052 0.00463260283254436 0.0204343648555294 -0.0217818008725602 -0.0294493141094019 0.00693849328253016 0.00825597670682131 0.0177913607625113 0.0169977870965636 0.0290156308220505 -0.0269726600451694 -0.0275424728347957 -0.0087824907963667 0.0143608302670113 0.00124757518557826 -0.00322501786619824 -0.0121247466173745 0.00288856358879953 -0.0198135896698619 -0.00332678948550524 0.00645639649742704 -0.0140774423604807 0.0343115119346874 0.0370463855596408 0.00899373591044935 0.0220654928120176 -0.0188275863752091 0.0339717652091735 0.0209323592839743 0.0373582923683078 0.00390375241121302 -0.000140995132759122 0.0167836887051669 0.0180738404002833 0.0079797523031105 0.00616298077872348 0.0271610479208556 -0.0136718227231737 -0.0141613478306207 0.0147764087809252 0.00627181885258795
0.0077581018063442 0.00250749951075019 0.0139702002163607 -0.0205018925627458 -0.0213326553153617 -0.00652712368999315 0.00397390851255086 -9.0924903337698e-07 -0.00387263611998952 -0.00657466104622589 -6.99232868662854e-05 -0.0142199868427303 -0.00453652371209988 0.00203367929296826 -0.0150847430773163 0.0288732779270552 0.0132231259070366 -0.000795785816959171 0.00566919171687699 -0.0156153798230504 0.0147345440766212 0.00804707486905887 0.0172067880723096 0.00148076001612599 -0.00156466302735338 0.00677233076317973 0.00929971028353519 0.00402562371211078 0.00253003429480032 0.0111599560216469 -0.0118958402440517 -0.0160833504076178 0.00378936563171798 0.0045088916447988 0.00971651456155502 0.00928311488045278 0.0158465000602553 -0.0147307587986749 -0.0150419544594043 -0.00479644029755343 0.00784297605270634 0.000681346560227631 -0.00176130052537742 -0.00662176876943142 0.00157755050595616 -0.0108209279275339 -0.00181688173887477 0.00352607489780156 -0.00768820752447915 0.018738774947718 0.0202323897282617 0.00491180900118663 0.0120507748158097 -0.0102824353693693 0.0185532268016395 0.0114319290415945 0.0204027334747978 0.00213198235112978 -7.70026126078633e-05 0.00916618789744231 0.00987078705090494 0.00435803536816322 0.00336582981360431 0.0148336443261935 -0.00746668376556291 -0.00773403137872457 0.00806993871935195 0.00342527027707825
0.0165888867442312 0.00536170141013546 0.0298720067058064 -0.0438385035741173 -0.0456148954749302 -0.013956727864842 0.00849727419054159 -1.94421646086907e-06 -0.00828072685815885 -0.0140583753861493 -0.00014951459977757 -0.0304061170021781 -0.00970029524631961 0.0043485476611754 -0.0322551960159626 0.0617387538115246 0.0282745629732726 -0.00170160190207944 0.0121222409385889 -0.0333898386253328 0.0315063773351195 0.0172067880723096 0.0367926930696001 0.0031662590690435 -0.00334566604068351 0.0144810458575049 0.0198852560199161 0.00860785505295735 0.00540988677683271 0.0238629565755775 -0.025436472923656 -0.0343904843014018 0.00810267238896592 0.0096412105312168 0.0207764945129361 0.0198497706306957 0.0338840352129772 -0.0314982834032899 -0.0321637025612229 -0.0102560660916455 0.0167703704751165 0.00145690030929277 -0.00376612935320698 -0.0141591042376831 0.00337322290037635 -0.0231380242665231 -0.00388497678249187 0.00753968671608221 -0.016439434164867 0.0400684887995577 0.0432622347766584 0.0105027550893118 0.0257677642791727 -0.0219865838390851 0.0396717374733016 0.0244445072870812 0.0436264750495257 0.0045587457662221 -0.00016465208261603 0.0195997496169319 0.0211063701600285 0.00931863965624869 0.00719704007139728 0.031718280047602 -0.0159657574022325 -0.0165374177628187 0.0172556770702264 0.00732413960440256
0.00142758544474843 0.000461410522008554 0.00257068739066932 -0.00377259852254554 -0.00392546901113642 -0.00120107044332507 0.000731247680539628 -1.67312922426345e-07 -0.000712612323955728 -0.00120981789721698 -1.28667384201699e-05 -0.00261665117936393 -0.000834775745769914 0.000374221817449422 -0.00277577688363618 0.00531303562904177 0.00243321659732854 -0.000146434305424961 0.00104320048647514 -0.00287342052296549 0.00271133599221235 0.00148076001612599 0.0031662590690435 0.000272477920366843 -0.000287917098736588 0.00124619153832595 0.00171126022480081 0.000740763908607637 0.000465557197382704 0.00205356815084683 -0.00218897983158373 -0.00295953282359972 0.000697289537531821 0.000829691108048989 0.00178795730038229 0.00170820646803381 0.00291594946817097 -0.00271063945485883 -0.0027679032555688 -0.000882603570604435 0.00144320334223999 0.000125376085090165 -0.000324100798960953 -0.00121848629338683 0.000290288552132287 -0.00199118284261064 -0.000334328420790482 0.000648840828187888 -0.00141472404360259 0.00344816335690554 0.00372300671085865 0.000903832820516001 0.00221748968425791 -0.00189209363788887 0.00341402023282008 0.0021036145068155 0.00375435203981011 0.000392310780253555 -1.41694207823741e-05 0.00168669047569306 0.00181634532181054 0.000801931711465949 0.000619353776393155 0.00272957164796832 -0.00137396096755785 -0.00142315619221006 0.00148496724370615 0.000630291547332834
-0.00150847547169024 -0.000487555023336868 -0.00271634800457875 0.00398636197695167 0.00414789443249256 0.00126912564862082 -0.000772681729056711 1.76793228388112e-07 0.000752990453542222 0.00127836875185098 1.35957951791117e-05 0.00276491619927898 0.000882075914606812 -0.000395426021377847 0.00293305830432295 -0.00561408352551407 -0.00257108782376701 0.000154731584550778 -0.00110231044431837 0.00303623463988778 -0.00286496605496282 -0.00156466302735338 -0.00334566604068351 -0.000287917098736588 0.000304231093782898 -0.00131680340081073 -0.00180822386799134 -0.000782737166842525 -0.00049193665815528 -0.00216992768901662 0.00231301208352582 0.00312722624658663 -0.000736799445456899 -0.000876703170500557 -0.00188926676296526 -0.00180499707887237 -0.00308117336556289 0.00286423005032172 0.00292473853974665 0.00093261376569837 -0.00152497831246384 -0.000132480160673248 0.000342465039403621 0.00128752831778044 -0.000306736918770697 0.00210400749655858 0.000353272180034203 -0.000685605529219365 0.00149488531620677 -0.00364354362494197 -0.00393396018776172 -0.000955045910052169 -0.00234313736507636 0.00199930368679227 -0.0036074658788433 -0.00222280977793391 -0.00396708160970482 -0.000414539943279145 1.49722902940047e-05 -0.00178226194465361 -0.00191926331005241 -0.000847370867479062 -0.000654447678368166 -0.00288423498175054 0.00145181251759403 0.00150379524828461 -0.00156910864539455 -0.000666005206667552
0.0065291341738355 0.00211028433954383 0.0117571686895595 -0.0172541699891414 -0.0179533308939414 -0.00549315636800948 0.00334439822016439 -7.65214105787303e-07 -0.00325916847509999 -0.00553316329043208 -5.88466783784961e-05 -0.0119673863999101 -0.00381788905823135 0.00171152239320738 -0.0126951558497329 0.0242994369408797 0.0111284390692013 -0.00066972469584156 0.0047711301424812 -0.0131417339685754 0.0124004321763195 0.00677233076317973 0.0144810458575049 0.00124619153832595 -0.00131680340081073 0.00569951997616677 0.00782653511576066 0.003387921170131 0.00212924936891756 0.00939209771388287 -0.0100114098786911 -0.0135355729271658 0.00318908893706131 0.0037946342106652 0.00817731306677887 0.0078125686048668 0.0133362422486505 -0.012397246527534 -0.0126591454138771 -0.00403663203206596 0.00660056341725538 0.000573413860974296 -0.00148229138231109 -0.00557280863836775 0.0013276493627561 -0.00910677535405599 -0.00152906792759592 0.00296750631654682 -0.00647031190575085 0.0157703493639266 0.0170273593322953 0.00413372507934547 0.0101418011306268 -0.00865358586884019 0.015614194060517 0.00962098725197183 0.0171707187782745 0.00179425317870829 -6.48045619924043e-05 0.00771416412659702 0.00830714711735468 0.00366767520758619 0.00283264579505098 0.0124838338694487 -0.00628387991751968 -0.00650887676352134 0.00679157273112761 0.00288267024317809
0.00896575467771311 0.00289782552859611 0.0161448497409506 -0.0236932878344152 -0.0246533699809585 -0.00754315826426933 0.00459250081071005 -1.05078587233019e-06 -0.00447546400841034 -0.00759809544924688 -8.08077867436352e-05 -0.0164335190146603 -0.00524269463170168 0.0023502488223328 -0.0174328861857614 0.0333677919028741 0.0152814832692777 -0.000919660580507582 0.00655167764270341 -0.0180461236765793 0.0170281740013912 0.00929971028353519 0.0198852560199161 0.00171126022480081 -0.00180822386799134 0.00782653511576066 0.0107473352447888 0.0046522661765092 0.00292386815481475 0.0128971532472455 -0.013747587744494 -0.0185869401755567 0.00437923134887944 0.00521076126154961 0.0112290207135578 0.0107281565440539 0.0183132208866391 -0.0170237994940309 -0.0173834369440818 -0.00554307072884696 0.00906384074184756 0.000787407314571348 -0.00203547063681837 -0.00765253612303916 0.00182311745593992 -0.0125053508712849 -0.0020997038136116 0.00407495587169 -0.00888498041098919 0.0216557172535075 0.023381833259669 0.00567639812259361 0.0139266399657916 -0.0118830347051926 0.0214412860433778 0.0132114625250398 0.02357869330101 0.00246385407340393 -8.8989104734423e-05 0.0105930283037903 0.0114073077904173 0.00503642217685213 0.00388976648528015 0.0171427005374362 -0.00862897350011006 -0.00893793736435318 0.00932613319958253 0.00395845965620517
0.00388106226185035 0.00125439984750169 0.00698872201005062 -0.0102562615840791 -0.0106718583432106 -0.00326525406136671 0.00198798452831527 -4.54860247796385e-07 -0.00193732207624281 -0.00328903506397641 -3.49797716832431e-05 -0.00711368008269735 -0.00226943799121356 0.00101736689639613 -0.00754628239593419 0.0144441246242701 0.00661499116955753 -0.000398099223213385 0.00283606564811682 -0.0078117383412191 0.00737109210330052 0.00402562371211078 0.00860785505295735 0.000740763908607637 -0.000782737166842525 0.003387921170131 0.0046522661765092 0.00201385553573256 0.00126567308187513 0.00558287133124554 -0.0059510042271468 -0.00804584495914664 0.0018956652434732 0.00225561479369746 0.00486077637583111 0.00464396417245832 0.00792735837985181 -0.0073691984829595 -0.00752487699363858 -0.0023994636696866 0.00392352138945418 0.000340849925426163 -0.000881106895920027 -0.00331260113868623 0.000789184247340326 -0.00541326938806236 -0.000908911912605424 0.00176395161598996 -0.00384609700018754 0.00937424567223685 0.0101214402957683 0.00245717793189224 0.00602851168122718 -0.00514388349987112 0.00928142349414782 0.00571892835270625 0.0102066563322069 0.00106654391144163 -3.85212699338224e-05 0.0045854703665659 0.00493795261705652 0.00218014754451354 0.00168378752889118 0.00742066792073055 -0.00373527768867373 -0.00386902080756255 0.00403706156491912 0.00171352317111064
0.00243917994451302 0.000788368426990288 0.00439228989760266 -0.00644588153286624 -0.00670707684783003 -0.00205215523041575 0.00124941360491262 -2.85871732820953e-07 -0.00121757313735567 -0.00206710117580709 -2.19841764436762e-05 -0.00447082386694939 -0.00142630219769906 0.000639397351156586 -0.0047427068760857 0.00907788041585528 0.00415740658234708 -0.000250198418802317 0.00178241779788165 -0.00490954130805433 0.00463260283254436 0.00253003429480032 0.00540988677683271 0.000465557197382704 -0.00049193665815528 0.00212924936891756 0.00292386815481475 0.00126567308187513 0.000795453458184911 0.00350873726449275 -0.00374010236920245 -0.0050566732345219 0.00119139254446945 0.00141761455914151 0.00305491317859902 0.00291865049005858 0.00498220648588177 -0.00463141272518542 -0.00472925395406049 -0.00150802106892684 0.00246586476571025 0.000214218233590481 -0.000553760317278601 -0.00208191204276177 0.000495988535808848 -0.00340214540111831 -0.000571235285336325 0.00110861282672717 -0.00241720488736413 0.00589154991493404 0.00636114870449249 0.00154429347616651 0.00378881445233533 -0.00323284106857261 0.00583321279485578 0.00359424672959959 0.00641470549719715 0.000670304247448639 -2.42099463292184e-05 0.00288188815320727 0.00310341710022901 0.00137018470920418 0.00105823109607482 0.00466376036917984 -0.00234755688280459 -0.00243161210050025 0.00253722278581028 0.00107691942860993
