0.0154827620356167 -0.02002493891095 0.000472224856018479 0.0310716547187341 -0.00794220412365917 0.0111172364132485 0.0184390937586399 0.0142508697015763 0.0095166114529491 0.0175588099443763 -0.00735994407159711 0.0114643052290124 -0.0170768640025142 0.0150837019370613 0.00877789047557427 0.0049641178761937 -0.00411540156171313 -0.00553436583319156 0.00058011286075526 0.0206944224523769 0.011532829851814 -0.00435336654701894 0.00633803033197941 0.0148671711310178 -0.024810991809097 -0.00476376925581518 -0.00652242928551982 0.030390425859643 0.0174469348582371 0.0191927560644693 -0.0306209343170018 -0.00877156686893822 0.0139190872456955 0.00756248310406033 0.0140720796140392 -0.00523408964976928 -0.00137447612618585 0.0270787996308839 0.00201953557108762 0.0128167764717237 0.0170364505277463 0.012061768512609 0.0228291066441324 0.0194028840253784 -0.00526336351635456 0.0135489117483118 -0.011260673065317 0.0135333322741007 0.00815222679728591 0.013104556997236 -0.00599427551890874 -0.00642175111586662 -0.00276688813526468 0.0197611466872141 0.0083999982026827 0.00691001646306935 0.00287149433208088 0.0264826624495591 -0.0139186481794589 -0.00185192358495326 -0.00312526093096525 0.0312272991994671 0.0194118752196342 0.0158398896826346 -0.0202177531304577 -0.0123169785030357 0.0236076883230143 0.00753782253679332
-0.02002493891095 0.025899653916066 -0.000610761430825384 -0.0401871440104451 0.0102722080226195 -0.0143786993252088 -0.0238485694762108 -0.018431646404272 -0.0123084991260709 -0.0227100368575232 0.00951913037755799 -0.01482758769652 0.0220867024665426 -0.0195088065776501 -0.0113530596243762 -0.00642044080951827 0.00532273664593922 0.00715798237198027 -0.000750300532382871 -0.0267655437998038 -0.014916215383385 0.00563051340326016 -0.00819741787167372 -0.0192287521433454 0.0320897908366941 0.00616131592761775 0.00843591393402974 -0.0393060630859761 -0.0225653409847557 -0.0248233336429016 0.0396041957942389 0.0113448808616792 -0.0180025289512326 -0.00978108827259176 -0.0182004046805681 0.00676961418446877 0.00177770609650363 -0.0350229052893085 -0.00261200658813259 -0.0165768333383382 -0.0220344328933525 -0.0156003287441468 -0.029526480151841 -0.0250951068298178 0.00680747612335984 -0.0175237550926416 0.0145642159784167 -0.0175036050691106 -0.0105438450341304 -0.0169490400176044 0.00775281573180682 0.00830569981639789 0.0035786099246794 -0.0255584729850834 -0.0108643051203564 -0.00893720753624634 -0.00371390443454351 -0.0342518793824894 0.0180019610761632 0.00239522228470131 0.00404211852377443 -0.0403884499022063 -0.0251067357701384 -0.0204868370721755 0.0261490340304102 0.0159304096726013 -0.03053347428641 -0.00974919303633512
0.000472224856018479 -0.000610761430825384 1.44028768335191e-05 0.000947686700994089 -0.000242237540700853 0.000339076151431696 0.000562393090797004 0.000434652090982482 0.000290257026673581 0.000535544399556397 -0.00022447858602482 0.000349661764074684 -0.000520845029219181 0.000460053507188758 0.000267726007571422 0.000151405792064217 -0.000125519910818729 -0.00016879837736448 1.76934652560336e-05 0.000631180705385685 0.000351751767787313 -0.000132777852306492 0.000193310176444917 0.000453449309018418 -0.000756736233998433 -0.000145295151198323 -0.000198934351839802 0.000926909193779297 0.00053213220499301 0.000585379821009489 -0.000933939710869005 -0.000267533137318275 0.00042453271292207 0.000230656034546153 0.000429198986223103 -0.000159639941863361 -4.1921576350256e-05 0.000825904462487468 6.15959149980607e-05 0.000390912190606415 0.000519612416636261 0.000367884417915369 0.000696288657880062 0.00059178873214934 -0.000160532795954998 0.000413242345573439 -0.000343450975007424 0.000412767170992231 0.000248643240574419 0.000399689508045794 -0.000182825641015481 -0.000195863663673226 -8.43901978399525e-05 0.000602715757541386 0.000256200278263808 0.000210755776123912 8.75806909907572e-05 0.000807722254818657 -0.000424519321384445 -5.64837427747074e-05 -9.53205823192425e-05 0.000952433863828158 0.000592062963930668 0.000483117263413573 -0.000616642272165961 -0.000375668332743127 0.000720035429958767 0.000229903886266653
0.0310716547187341 -0.0401871440104451 0.000947686700994089 0.0623562982327898 -0.0159388501656458 0.0223106788352339 0.037004583114876 0.0285994257220018 0.0190984570116211 0.0352379813503866 -0.0147703388074937 0.0230071955408609 -0.0342707858419762 0.0302707990596589 0.0176159513004518 0.00996226359853387 -0.00825901322130577 -0.0111066684265058 0.00116420225705333 0.0415307002435797 0.0231447145064385 -0.00873657438523515 0.0127195063528782 0.0298362531804499 -0.0497920570598562 -0.00956019301568464 -0.0130895682708824 0.0609891708529707 0.0350134643010287 0.0385170739022036 -0.0614517678482823 -0.0176032607403618 0.0279335865204982 0.0151768052292656 0.0282406199834452 -0.0105040577379159 -0.002758373958971 0.0543432179861114 0.00405291457768869 0.0257214088946457 0.034189681867693 0.0242062175766146 0.0458147013789834 0.0389387702011649 -0.0105628061364722 0.0271906980608306 -0.0225985353634702 0.0271594323188218 0.0163603351683232 0.0262989426126557 -0.012029640369337 -0.0128875218066933 -0.00555274262993487 0.0396577513300853 0.0168575763931095 0.0138673994438039 0.00576267207414102 0.0531468572450167 -0.0279327053783306 -0.00371654166516136 -0.00627194478152643 0.0626686541001143 0.0389568142221725 0.0317883580377625 -0.0405740941450287 -0.0247183869611899 0.0473772017287852 0.0151273150524144
-0.00794220412365917 0.0102722080226195 -0.000242237540700853 -0.0159388501656458 0.00407411844196546 -0.00570281715122151 -0.00945871583826709 -0.00731027938356353 -0.00488174335761299 -0.00900715598586142 0.00377543606372498 -0.00588085330351865 0.00875993181242048 -0.00773749796379933 -0.00450280110045995 -0.00254644729253991 0.00211108064431667 0.00283896781731177 -0.000297580931895697 -0.0106156335000124 -0.00591600443098123 0.00223314972238133 -0.00325122420164605 -0.00762642399284367 0.0127273131890149 0.00244367430957477 0.0033458154719787 -0.0155893996837884 -0.00894976733851118 -0.00984532255995118 0.0157076437810859 0.00449955727519249 -0.00714008468682964 -0.00387933266402995 -0.00721856529745666 0.00268493491693348 0.000705066055536616 -0.0138906322784919 -0.00103596268570626 -0.00657463149737593 -0.00873920088177553 -0.00618733449491074 -0.011710664060546 -0.00995311205860709 0.00269995155436382 -0.00695019548262728 0.0057763959588607 -0.00694220366798595 -0.00418185393132472 -0.00672225449068777 0.00307488803581098 0.00329417051532674 0.00141933269445405 -0.0101368903265698 -0.00430895341610272 -0.00354463635889345 -0.00147299261416365 -0.0135848313387828 0.00713985945869098 0.000949982638710211 0.00160316745786853 -0.0160186912323663 -0.00995772427830866 -0.00812540016221438 0.010371116078285 0.00631824975626415 -0.0121100536918273 -0.00386668251423179
0.0111172364132485 -0.0143786993252088 0.000339076151431696 0.0223106788352339 -0.00570281715122151 0.00798261609806728 0.0132399996905778 0.0102326889221942 0.00683330397587226 0.0126079210439247 -0.00528473137054017 0.0082318252551697 -0.0122618647678054 0.0108306954557289 0.00630287305340443 0.00356443326364671 -0.00295502133222541 -0.00397389388427327 0.000416544012272889 0.0148594150261735 0.00828102864859918 -0.00312588961745992 0.00455095682752632 0.0106752177602118 -0.0178152748814703 -0.00342057501841291 -0.00468336258020459 0.0218215295309546 0.0125275903007084 0.0137811590787015 -0.0219870437337703 -0.0062983324533619 0.00999445597698001 0.00543016241841292 0.0101043105574733 -0.0037582836906467 -0.000986928301553882 0.0194436507253037 0.00145010653377594 0.00920295317877617 0.0122328462921457 0.00866082755829234 0.016392202830622 0.0139320392777956 -0.00377930348639179 0.00972865530721976 -0.00808560929577333 0.00971746862763368 0.00585362174987645 0.0094095909950708 -0.00430412725562517 -0.00461107166653473 -0.00198673527746463 0.0141892860597655 0.00603153143316826 0.00496166552600002 0.00206184667022655 0.0190156006161391 -0.00999414071003077 -0.00132975448862642 -0.00224406113991185 0.0224224377374727 0.0139384953114122 0.0113736682096213 -0.01451714757218 -0.00884407844027767 0.0169512553156529 0.00541245515431098
0.0184390937586399 -0.0238485694762108 0.000562393090797004 0.037004583114876 -0.00945871583826709 0.0132399996905778 0.0219599176075803 0.0169719796742365 0.0113337459066932 0.0209115493805106 -0.0087652770534311 0.0136533390172334 -0.0203375790263743 0.0179638357552121 0.0104539710104599 0.00591198358132166 -0.00490121046078966 -0.00659111664043397 0.000690881601451482 0.0246458865028395 0.0137349479667029 -0.00518461329713329 0.00754823559695802 0.0177059598138856 -0.0295484877414228 -0.00567337970773144 -0.0077678443195816 0.0361932780793161 0.0207783124814463 0.0228574867808048 -0.0364678006126742 -0.0104464399526689 0.0165768455374858 0.0090064895839074 0.0167590507937416 -0.00623350469194099 -0.00163692331519733 0.0322493185722727 0.00240515262448195 0.0152640557609804 0.0202894488640271 0.0143648839908137 0.0271881746208328 0.0231077372957711 -0.00626836821108585 0.0161359874601153 -0.0134108246292956 0.0161174331876263 0.00970884096203604 0.0156067860877545 -0.00713884306004422 -0.00764794231466716 -0.00329520725232677 0.023534407859887 0.0100039226899804 0.00822943872308932 0.0034197873153925 0.0315393529114834 -0.0165763226344351 -0.00220553623043717 -0.00372200897964568 0.0371899468869633 0.0231184452995177 0.0188644125843131 -0.0240782003045684 -0.0146688246527443 0.0281154213577287 0.00897712024328642
0.0142508697015763 -0.018431646404272 0.000434652090982482 0.0285994257220018 -0.00731027938356353 0.0102326889221942 0.0169719796742365 0.0131169933881385 0.00875941834567534 0.0161617360039779 -0.00677434709220096 0.010552143064779 -0.0157181362893482 0.0138835609840149 0.00807947400692154 0.00456914579415251 -0.00378795794256367 -0.00509402173773882 0.000533955942215876 0.0190478622121671 0.0106152154977627 -0.00400698914586767 0.00583374233989378 0.013684258540678 -0.0228368950336473 -0.00438473799421753 -0.00600346951479747 0.0279723991174768 0.016058762305115 0.0176656765284965 -0.028184567074549 -0.00807365354065027 0.0128116093399208 0.00696077102318155 0.0129524288075059 -0.00481763715244366 -0.00126511536747401 0.0249242637926682 0.00185885039213689 0.0117970043763893 0.0156809383293343 0.0111020689363014 0.0210126993775735 0.0178590855717076 -0.00484458183178501 0.0124708870083501 -0.0103647129780026 0.012456547121417 0.00750359151671822 0.0120618875259392 -0.00551733852001393 -0.00591080184515168 -0.00254673954193625 0.0181888429173941 0.00773164888826236 0.0063602181590351 0.00264302270364705 0.0243755585115445 -0.0128112052081701 -0.00170457452266809 -0.00287659825864132 0.0287426862855623 0.0178673613778917 0.0145795823403661 -0.0186091192810427 -0.0113369730387958 0.0217293328847123 0.00693807258409939
0.0095166114529491 -0.0123084991260709 0.000290257026673581 0.0190984570116211 -0.00488174335761299 0.00683330397587226 0.0113337459066932 0.00875941834567534 0.00584946622172861 0.0107926719685033 -0.00452385226122452 0.00704663277724904 -0.0104964397936836 0.00927132576712694 0.00539540508601866 0.00305123730027623 -0.00252956659448675 -0.00340174506020321 0.00035657130697783 0.0127200028825227 0.00708875201984039 -0.00267583379793228 0.0038957242840587 0.00913823326438298 -0.0152502872721491 -0.00292809131567149 -0.00400906667019998 0.0186797338957073 0.0107239069946826 0.0117969908570975 -0.0188214178807906 -0.00539151822738205 0.0085554854354969 0.00464834460125886 0.00864952349675785 -0.00321717774852907 -0.000844833448591098 0.0166442146502395 0.00124132472624966 0.00787794073693751 0.0104715993074742 0.007413868669289 0.0140321046884509 0.0119261477965875 -0.00323517117976419 0.00832795391561058 -0.00692146853479961 0.00831837785919584 0.00501083558137884 0.00805482748613162 -0.00368443246264148 -0.00394718397638995 -0.00170069134024767 0.0121463569907188 0.0051631303843919 0.0042473004274843 0.00176498842938335 0.0162777938582468 -0.00855521555969788 -0.00113830059249185 -0.00192096822909631 0.0191941252163332 0.0119316743106574 0.00973612300056294 -0.0124270140270581 -0.00757073566189756 0.0145106665435811 0.00463318677371171
0.0175588099443763 -0.0227100368575232 0.000535544399556397 0.0352379813503866 -0.00900715598586142 0.0126079210439247 0.0209115493805106 0.0161617360039779 0.0107926719685033 0.0199132303366469 -0.00834682202420513 0.0130015275179891 -0.0193666613732311 0.0171062407961326 0.0099548975963461 0.00562974501119717 -0.00466722628047108 -0.00627645620362268 0.000657898858411558 0.0234692899053812 0.0130792404496686 -0.00493709944268781 0.00718788222443191 0.0168606758729184 -0.0281378405678027 -0.00540253210566055 -0.00739700680903185 0.034465408082265 0.0197863541778252 0.021766268529449 -0.0347268248878727 -0.00994772607185777 0.0157854656025929 0.00857651904913895 0.015958972365308 -0.00593591667821982 -0.00155877646490086 0.0307097335182674 0.00229033044537279 0.0145353485152616 0.0193208289486929 0.0136791032774875 0.0258902089848113 0.0220045720647687 -0.00596911581016576 0.0153656541251787 -0.0127705907863734 0.0153479856351459 0.00924534011616959 0.0148617168687595 -0.00679803412005058 -0.00728282893544433 -0.00313789379393035 0.0224108733419484 0.00952633461876578 0.00783656465871098 0.00325652639479798 0.0300336616750408 -0.0157849676629757 -0.00210024375398256 -0.00354431997257119 0.0354144958411341 0.0220147688675581 0.0179638240152148 -0.022928705091726 -0.0139685337878512 0.0267731888881523 0.0085485518031937
-0.00735994407159711 0.00951913037755799 -0.00022447858602482 -0.0147703388074937 0.00377543606372498 -0.00528473137054017 -0.0087652770534311 -0.00677434709220096 -0.00452385226122452 -0.00834682202420513 0.00349865073250024 -0.00544971530991361 0.00811772238620265 -0.0071702453602291 -0.00417269107528838 -0.00235976176922142 0.00195631278558016 0.00263083698569713 -0.000275764634278502 -0.00983737859518361 -0.00548228943268231 0.00206943271720607 -0.00301286996855897 -0.0070673144607816 0.0117942465081964 0.00226452329449607 0.00310052654958737 -0.0144465072914286 -0.00829364066192005 -0.00912354080553263 0.0145560826598473 0.00416968506182224 -0.00661662973443217 -0.00359493044976358 -0.0066893567628397 0.00248809656826149 0.000653376147821829 -0.0128722801752569 -0.00096001403493855 -0.00609263113345337 -0.00809851128463394 -0.00573372770653821 -0.0108521301121094 -0.00922342802440298 0.00250201230373113 -0.00644066171586083 0.00535291595767084 -0.00643325579832523 -0.0038752732328363 -0.00622943156788445 0.00284946138598679 0.00305266779569231 0.00131527836448482 -0.00939373311260281 -0.00399305478124907 -0.00328477145001731 -0.00136500436016561 -0.0125888981596026 0.00661642101825238 0.000880337369958466 0.00148563580633341 -0.0148443265540348 -0.0092277021123666 -0.00752970961487847 0.00961078727110974 0.00585504528874556 -0.0112222396312352 -0.00358320770963223
0.0114643052290124 -0.01482758769652 0.000349661764074684 0.0230071955408609 -0.00588085330351865 0.0082318252551697 0.0136533390172334 0.010552143064779 0.00704663277724904 0.0130015275179891 -0.00544971530991361 0.00848881446873741 -0.0126446677168322 0.0111688187541809 0.00649964234077412 0.0036757112454848 -0.00304727409327223 -0.00409795481030904 0.00042954809275469 0.0153233108528317 0.00853955394207509 -0.00322347671261673 0.00469303307183824 0.0110084872031143 -0.0183714496470129 -0.00352736189212348 -0.00482957239747244 0.0225027754927154 0.0129186889306575 0.0142113928511523 -0.0226734568806325 -0.00649495998781557 0.010306472729273 0.00559968656721291 0.0104197568580587 -0.00387561348569029 -0.00101773919952633 0.0200506617288041 0.00149537738515492 0.00949026001858412 0.0126147433138711 0.00893120978751341 0.0169039507338514 0.0143669833766328 -0.00389728949808362 0.0100323740328941 -0.0083380337957749 0.010020838116547 0.00603636586839121 0.00970334885737459 -0.004438497731702 -0.00475502463499004 -0.00204875913252669 0.0146322611415429 0.00621982971107999 0.00511656367823084 0.00212621542659027 0.0196092483305132 -0.0103061476200102 -0.00137126807154118 -0.00231411844672623 0.0231224434423807 0.0143736409610538 0.0117287425653038 -0.0149703581569744 -0.00912018157568749 0.0174804562689675 0.00558142650033212
-0.0170768640025142 0.0220867024665426 -0.000520845029219181 -0.0342707858419762 0.00875993181242048 -0.0122618647678054 -0.0203375790263743 -0.0157181362893482 -0.0104964397936836 -0.0193666613732311 0.00811772238620265 -0.0126446677168322 0.0188350943771867 -0.0166367167590066 -0.00968166025774455 -0.00547522242279511 0.00453912245266322 0.00610418299113313 -0.000639841160539572 -0.0228251158944935 -0.0127202476205802 0.00480158826348428 -0.00699059261997571 -0.0163978919860977 0.0273655263780954 0.00525424595002978 0.00719397725151442 -0.0335194178008912 -0.0192432676514343 -0.0211688382468456 0.0337736593611949 0.00967468557388124 -0.0153521935806464 -0.00834111479542645 -0.0155209380114927 0.00577299043416557 0.0015159919029682 -0.0298668272226995 -0.00222746653448319 -0.0141363891180887 -0.0187905199394416 -0.013303645696149 -0.0251795867277381 -0.0214006009390135 0.00580527833198087 -0.0149439048908544 0.0124200696278113 -0.0149267213572108 -0.00899157837694933 -0.0144537994668005 0.00661144488267189 0.00708293327840195 0.00305176636361077 -0.0217957502501812 -0.00926486027483935 -0.00762147032444971 -0.00316714279274798 -0.0292093118808692 0.0153517093082412 0.00204259725303177 0.0034470371480032 -0.0344424554461532 -0.0214105178647645 -0.0174707614379739 0.0222993687980867 0.0135851320542403 -0.0260383310147412 -0.00831391518127009
0.0150837019370613 -0.0195088065776501 0.000460053507188758 0.0302707990596589 -0.00773749796379933 0.0108306954557289 0.0179638357552121 0.0138835609840149 0.00927132576712694 0.0171062407961326 -0.0071702453602291 0.0111688187541809 -0.0166367167590066 0.0146949274039555 0.00855164493681102 0.00483617033270259 -0.00400932923759974 -0.00539172044668012 0.000565160754997017 0.0201610345307389 0.0112355771906479 -0.00424116079979471 0.00617467091309093 0.0144839775662562 -0.0241715014640397 -0.00464098559329116 -0.00635431707999004 0.0296071285183294 0.016997249231861 0.0186980728090516 -0.0298316957406876 -0.00854548431783063 0.0135603300475101 0.00736756405499869 0.0137093791175296 -0.00509918372492978 -0.00133904972247855 0.0263808577246139 0.00196748309736359 0.0124864307575544 0.0165973449204266 0.0117508827339397 0.0222406983532614 0.0189027848316031 -0.00512770307290541 0.013199695630079 -0.0109704351030653 0.0131845177086722 0.00794210741279319 0.0127667938904459 -0.0058397762006449 -0.0062562338375347 -0.00269557303984368 0.0192518134605956 0.00818349263972716 0.00673191440063187 0.0027974830666151 0.025800085667534 -0.0135599022979763 -0.00180419122256027 -0.00304470896405822 0.0304224318852572 0.0189115442825267 0.0154316248056496 -0.0196966511114349 -0.0119995148202626 0.0229992124963384 0.00734353910096279
0.00877789047557427 -0.0113530596243762 0.000267726007571422 0.0176159513004518 -0.00450280110045995 0.00630287305340443 0.0104539710104599 0.00807947400692154 0.00539540508601866 0.0099548975963461 -0.00417269107528838 0.00649964234077412 -0.00968166025774455 0.00855164493681102 0.00497659016032978 0.00281438692429875 -0.00233321057887629 -0.00313768673985699 0.000328892683583696 0.0117326206606 0.00653849210365546 -0.00246812388266737 0.00359332113721057 0.00842888365586742 -0.0140664933162198 -0.00270080006928092 -0.00369786539192848 0.0172297313030027 0.00989147046035987 0.0108812568630049 -0.0173604171578737 -0.00497300501664971 0.00789137126060665 0.00428751977574254 0.00797810967651919 -0.00296744634964491 -0.000779253783607637 0.0153522179584705 0.00114496767526062 0.00726642054304665 0.00965874799865062 0.00683837177771331 0.0129428713892532 0.0110003880763163 -0.00298404305209962 0.00768150173181717 -0.00638419389390715 0.00767266901075756 0.00462187262156465 0.00742957656960956 -0.00339843071051251 -0.00364078630329661 -0.001568676244823 0.0112035036702812 0.00476234563629864 0.00391760640367046 0.0016279823128622 0.0150142403499502 -0.00789112233374676 -0.00104994072507587 -0.0017718542787454 0.0177041933209556 0.0110054855982081 0.00898036257739377 -0.011462374880729 -0.0069830620687017 0.0133842851814301 0.00427353856502333
0.0049641178761937 -0.00642044080951827 0.000151405792064217 0.00996226359853387 -0.00254644729253991 0.00356443326364671 0.00591198358132166 0.00456914579415251 0.00305123730027623 0.00562974501119717 -0.00235976176922142 0.0036757112454848 -0.00547522242279511 0.00483617033270259 0.00281438692429875 0.00159160660301167 -0.00131948927544192 -0.00177444078147957 0.000185997086027703 0.00663509212355187 0.00369768176367956 -0.00139578614254789 0.00203211349489579 0.00476674574020713 -0.00795495582004713 -0.00152737037916453 -0.00209123590080215 0.00974384647441778 0.0055938753702554 0.00615362447952668 -0.00981775261281584 -0.00281235943536158 0.00446276895929211 0.00242470028790205 0.00451182171543919 -0.00167816555833187 -0.000440687617151566 0.00868206544829092 0.000647508022598488 0.00410934360756183 0.00546226496390807 0.00386727126298353 0.00731951935507198 0.00622099617745998 -0.00168755141106841 0.00434408246138795 -0.0036104222446177 0.00433908733543719 0.0026137852330287 0.00420161244485519 -0.00192189805603118 -0.0020589562403276 -0.000887125877288505 0.00633586315532222 0.00269322625653022 0.00221550497063808 0.000920664950638688 0.0084909306086757 -0.00446262818489096 -0.000593767891818213 -0.00100202816651741 0.0100121666809012 0.00622387895432054 0.00507862094306034 -0.0064822613368661 -0.00394909726229461 0.00756914995853429 0.00241679356153593
-0.00411540156171313 0.00532273664593922 -0.000125519910818729 -0.00825901322130577 0.00211108064431667 -0.00295502133222541 -0.00490121046078966 -0.00378795794256367 -0.00252956659448675 -0.00466722628047108 0.00195631278558016 -0.00304727409327223 0.00453912245266322 -0.00400932923759974 -0.00233321057887629 -0.00131948927544192 0.00109389590663409 0.00147106425459578 -0.000154197123719274 -0.00550068897806132 -0.00306548830718604 0.00115714828175345 -0.00168468260807796 -0.00395177418280394 0.00659489529089971 0.00126623553277662 0.00173369684336962 -0.00807793892047119 -0.00463748927985355 -0.00510153796199904 0.00813920931029053 0.0023315297301643 -0.00369976837832828 -0.00201014875157831 -0.00374043457407318 0.00139124922731844 0.000365343159265145 -0.00719769082763776 -0.000536803434947203 -0.00340676823595958 -0.00452838033334425 -0.00320608305285732 -0.00606809953673979 -0.00515739110606309 0.00139903037876838 -0.00360137373682078 0.00299314756710336 -0.00359723262864177 -0.00216690580245385 -0.00348326185004468 0.00159331072680103 0.00170693604347694 0.000735453772831962 -0.00525261925170213 -0.00223276477686501 -0.00183671960326982 -0.000763258663506634 -0.00703923435318082 0.00369965167215716 0.000492251266031064 0.000830711192645616 -0.00830038436281187 -0.00515978101393593 -0.00421032801429874 0.00537398770426184 0.00327391924324444 -0.00627505074155845 -0.0020035938399411
-0.00553436583319156 0.00715798237198027 -0.00016879837736448 -0.0111066684265058 0.00283896781731177 -0.00397389388427327 -0.00659111664043397 -0.00509402173773882 -0.00340174506020321 -0.00627645620362268 0.00263083698569713 -0.00409795481030904 0.00610418299113313 -0.00539172044668012 -0.00313768673985699 -0.00177444078147957 0.00147106425459578 0.00197827784894829 -0.000207363310795149 -0.0073972915358771 -0.00412244916928018 0.00155612564617067 -0.00226555045142121 -0.00531432077522333 0.00886877322276125 0.00170282548720589 0.00233146448315551 -0.0108631608589501 -0.00623646607441383 -0.00686051578934237 0.0109455568893052 0.00313542634520463 -0.00497542497292027 -0.00270323525020404 -0.00503011261419209 0.00187094310814232 0.000491311155839092 -0.00967940882487603 -0.00072188984354542 -0.00458140024587259 -0.00608973705742691 -0.00431152008863063 -0.00816034164465799 -0.00693562674207665 0.0018814071510994 -0.00484310448512282 0.00402516580233343 -0.00483753554919427 -0.00291404113474968 -0.00468426837135236 0.00214267412689481 0.00229547672974335 0.000989033553886948 -0.00706368894637914 -0.00300260786446595 -0.00247000883511796 -0.001026425393939 -0.00946631756631185 0.00497526802720397 0.000661976370280026 0.00111713512591318 -0.0111623040743516 -0.00693884067497665 -0.00566202232259552 0.00722690446909333 0.00440274576581001 -0.00843864830803241 -0.00269442024674434
0.00058011286075526 -0.000750300532382871 1.76934652560336e-05 0.00116420225705333 -0.000297580931895697 0.000416544012272889 0.000690881601451482 0.000533955942215876 0.00035657130697783 0.000657898858411558 -0.000275764634278502 0.00042954809275469 -0.000639841160539572 0.000565160754997017 0.000328892683583696 0.000185997086027703 -0.000154197123719274 -0.000207363310795149 2.17358459969541e-05 0.000775384946362256 0.000432115594268576 -0.000163113268530373 0.000237475257901665 0.000557047712566567 -0.000929625825381826 -0.000178490362676353 -0.000244384374260395 0.00113867776592136 0.000653707088485871 0.00071912005110745 -0.00114731452726402 -0.000328655748757242 0.00052152461573894 0.000283353428659411 0.000527256980563087 -0.000196112470965599 -5.14992916488187e-05 0.00101459674207702 7.56685761135889e-05 0.000480222898702983 0.00063832693611329 0.000451934029698379 0.000855367946193915 0.000726993189779168 -0.000197209313147316 0.000507654767046909 -0.000421918340598622 0.000507071030544797 0.000305450125631337 0.000491005547402263 -0.000224595347485806 -0.000240612133824305 -0.000103670610440551 0.000740416684707348 0.000314733700388053 0.000258906609107322 0.000107590027399114 0.00099226049193862 -0.000521508164670974 -6.93884389811059e-05 -0.000117098231898045 0.00117003399203518 0.000727330074593994 0.000593493828601291 -0.000757524954499262 -0.000461496315632836 0.000884540082536821 0.000282429438986754
0.0206944224523769 -0.0267655437998038 0.000631180705385685 0.0415307002435797 -0.0106156335000124 0.0148594150261735 0.0246458865028395 0.0190478622121671 0.0127200028825227 0.0234692899053812 -0.00983737859518361 0.0153233108528317 -0.0228251158944935 0.0201610345307389 0.0117326206606 0.00663509212355187 -0.00550068897806132 -0.0073972915358771 0.000775384946362256 0.02766038253719 0.0154149015838255 -0.00581875547830615 0.00847147795104221 0.0198716171797579 -0.0331626324023305 -0.00636730405199679 -0.00871794753027899 0.0406201625911665 0.0233197564895001 0.0256532394613999 -0.0409282626177932 -0.0117241684615125 0.01860439829478 0.0101080943945512 0.0188088895021765 -0.00699593923337235 -0.00183713923527105 0.0361938081703816 0.00269933246855749 0.0171310381295911 0.0227710988193948 0.0161218865567074 0.0305136238622828 0.0259340987022837 -0.00703506699110296 0.01810961783463 -0.015051133962771 0.0180887941456674 0.0108963520128082 0.0175156886044107 -0.00801201165521221 -0.00858338003064664 -0.0036982517601134 0.0264129563412429 0.0112275258772068 0.00923600062512621 0.00383806950213329 0.035397004948739 -0.0186038114342339 -0.00247530052637772 -0.00417725660515375 0.0417387362922679 0.0259461164270187 0.0211717630186021 -0.0270232613119725 -0.0164630029120325 0.0315542843167545 0.0100751328211727
0.011532829851814 -0.014916215383385 0.000351751767787313 0.0231447145064385 -0.00591600443098123 0.00828102864859918 0.0137349479667029 0.0106152154977627 0.00708875201984039 0.0130792404496686 -0.00548228943268231 0.00853955394207509 -0.0127202476205802 0.0112355771906479 0.00653849210365546 0.00369768176367956 -0.00306548830718604 -0.00412244916928018 0.000432115594268576 0.0154149015838255 0.00859059669617879 -0.00324274412755634 0.0047210843418122 0.0110742873033506 -0.0184812597604241 -0.00354844569426533 -0.00485843979241863 0.0226372794309675 0.0129959067182495 0.0142963374086424 -0.0228089810183204 -0.00653378176326428 0.0103680767377218 0.00563315710050385 0.0104820379901569 -0.00389877886265176 -0.00102382244603493 0.0201705088546824 0.00150431557802546 0.00954698534777515 0.0126901443530142 0.00898459355300336 0.0170049892900267 0.014452857932222 -0.00392058443724215 0.010092339694369 -0.0083878720205385 0.010080734825364 0.0060724465279655 0.00976134786447367 -0.00446502758909804 -0.00478344644189554 -0.00206100500734973 0.0147197213194977 0.00625700697357672 0.00514714648190599 0.00213892427437401 0.0197264570333895 -0.0103677496852109 -0.00137946443629989 -0.00232795043135262 0.0232606512695004 0.0144595553104597 0.0117988477870481 -0.0150598392136472 -0.00917469486627697 0.0175849407229576 0.00561478788926845
-0.00435336654701894 0.00563051340326016 -0.000132777852306492 -0.00873657438523515 0.00223314972238133 -0.00312588961745992 -0.00518461329713329 -0.00400698914586767 -0.00267583379793228 -0.00493709944268781 0.00206943271720607 -0.00322347671261673 0.00480158826348428 -0.00424116079979471 -0.00246812388266737 -0.00139578614254789 0.00115714828175345 0.00155612564617067 -0.000163113268530373 -0.00581875547830615 -0.00324274412755634 0.00122405810081603 -0.00178209605997677 -0.00418027773737599 0.00697623211489095 0.00133945310715725 0.00183394444683446 -0.00854502981978818 -0.00490564295861068 -0.00539652434132548 0.00860984304915657 0.00246634584219096 -0.0039137001938708 -0.00212638164184643 -0.00395671783224596 0.00147169547222819 0.000386468407487561 -0.00761388311564418 -0.000567843035723402 -0.00360375789566922 -0.0047902250022846 -0.00339146848733356 -0.00641897543437476 -0.00545560708337825 0.00147992655342682 -0.00380961607611915 0.00316622042673638 -0.00380523551652034 -0.00229220286027616 -0.00368467460224695 0.00168544077972664 0.00180563625642404 0.000777979937926822 -0.00555634160887789 -0.00236187000009792 -0.00194292429480448 -0.000807392591611157 -0.00744626420781342 0.00391357673939532 0.000520714725436247 0.000878745430322533 -0.00878033773147096 -0.00545813518296417 -0.00445378193465886 0.00568472795303259 0.00346322717174869 -0.00663789318478447 -0.00211944770536121
0.00633803033197941 -0.00819741787167372 0.000193310176444917 0.0127195063528782 -0.00325122420164605 0.00455095682752632 0.00754823559695802 0.00583374233989378 0.0038957242840587 0.00718788222443191 -0.00301286996855897 0.00469303307183824 -0.00699059261997571 0.00617467091309093 0.00359332113721057 0.00203211349489579 -0.00168468260807796 -0.00226555045142121 0.000237475257901665 0.00847147795104221 0.0047210843418122 -0.00178209605997677 0.00259453890699102 0.00608603176631891 -0.010156638608202 -0.00195009869482276 -0.00267002454437509 0.0124406382050628 0.00714208498956439 0.0078567551326473 -0.012534999249375 -0.00359073250279414 0.00569792372664155 0.00309578143669422 0.00576055275038379 -0.00214262925983257 -0.000562656156460167 0.011084989423678 0.000826717976845457 0.00524668129944227 0.00697404894202534 0.00493761090652745 0.00934533321830136 0.00794277320789608 -0.00215461282283799 0.00554638852089624 -0.00460967411901708 0.00554001090042519 0.00333719917644626 0.0053644872629683 -0.00245381928429102 -0.00262881088420501 -0.0011326545538942 0.00808943176999934 0.00343862698882169 0.00282868740323349 0.00117547619300542 0.0108409544428028 -0.00569774399029228 -0.000758104259882095 -0.00127935820044521 0.0127832210465241 0.00794645384716336 0.00648422426391357 -0.00827634838606552 -0.00504208378136898 0.00966405375959269 0.00308568637594326
0.0148671711310178 -0.0192287521433454 0.000453449309018418 0.0298362531804499 -0.00762642399284367 0.0106752177602118 0.0177059598138856 0.013684258540678 0.00913823326438298 0.0168606758729184 -0.0070673144607816 0.0110084872031143 -0.0163978919860977 0.0144839775662562 0.00842888365586742 0.00476674574020713 -0.00395177418280394 -0.00531432077522333 0.000557047712566567 0.0198716171797579 0.0110742873033506 -0.00418027773737599 0.00608603176631891 0.0142760559731206 -0.0238245127263195 -0.0045743629329161 -0.00626309906169937 0.029182109817386 0.016753248913368 0.0184296566872204 -0.0294034533137736 -0.00842281147431433 0.0133656676756564 0.00726180058989826 0.0135125771041339 -0.00502598350082499 -0.00131982728511202 0.026002153053104 0.00193923932121854 0.0123071845136403 0.0163590853413924 0.011582195489872 0.021921426840108 0.0186314300108083 -0.00505409344549693 0.0130102102672527 -0.010812951405401 0.012995250229199 0.00782809621534633 0.0125835229544897 -0.00575594456215753 -0.00616642383192134 -0.00265687732671558 0.0189754482351479 0.00806601628909887 0.00663527586604224 0.00275732440623885 0.0254297181431099 -0.0133652460665881 -0.00177829154744685 -0.003001001306024 0.0299857092739643 0.0186400637173373 0.0152100994684565 -0.0194139001157369 -0.0118272583922979 0.0226690522982002 0.00723812052087032
-0.024810991809097 0.0320897908366941 -0.000756736233998433 -0.0497920570598562 0.0127273131890149 -0.0178152748814703 -0.0295484877414228 -0.0228368950336473 -0.0152502872721491 -0.0281378405678027 0.0117942465081964 -0.0183714496470129 0.0273655263780954 -0.0241715014640397 -0.0140664933162198 -0.00795495582004713 0.00659489529089971 0.00886877322276125 -0.000929625825381826 -0.0331626324023305 -0.0184812597604241 0.00697623211489095 -0.010156638608202 -0.0238245127263195 0.0397593990745953 0.00763389889443267 0.010452136331113 -0.0487003937245838 -0.0279585617130701 -0.0307562250465459 0.0490697815272446 0.0140563597914591 -0.0223052165271686 -0.0121188135501691 -0.0225503854698352 0.00838758324449906 0.00220258606507984 -0.0433935414299144 -0.00323628822797696 -0.020538773077274 -0.0273007641354712 -0.0193288793744382 -0.0365834452957159 -0.0310929532804995 0.00843449436167552 -0.0217120135048406 0.0180451308717263 -0.0216870475326094 -0.0130638727010122 -0.0209999388721676 0.00960577450321779 0.0102908004378871 0.00443391422685552 -0.0316670660872367 -0.0134609242281032 -0.0110732414198156 -0.00460154474952436 -0.0424382367698722 0.0223045129273346 0.00296769147466385 0.00500820352215541 -0.0500414759896127 -0.0311073615912726 -0.0253832857644377 0.0323987739502935 0.0197378511694906 -0.0378311156799156 -0.0120792952051179
-0.00476376925581518 0.00616131592761775 -0.000145295151198323 -0.00956019301568464 0.00244367430957477 -0.00342057501841291 -0.00567337970773144 -0.00438473799421753 -0.00292809131567149 -0.00540253210566055 0.00226452329449607 -0.00352736189212348 0.00525424595002978 -0.00464098559329116 -0.00270080006928092 -0.00152737037916453 0.00126623553277662 0.00170282548720589 -0.000178490362676353 -0.00636730405199679 -0.00354844569426533 0.00133945310715725 -0.00195009869482276 -0.0045743629329161 0.00763389889443267 0.00146572668819979 0.00200683495826591 -0.00935059106690787 -0.00536811014047012 -0.00590526813393845 0.00942151440086115 0.00269885440849963 -0.00428265446032944 -0.00232684093612431 -0.00432972747863287 0.00161043587044695 0.000422901746969548 -0.00833166284344083 -0.000621375013220575 -0.00394349312959784 -0.00524181144589048 -0.00371119066991704 -0.00702410823849571 -0.00596992075326198 0.00161944291617412 -0.00416875807351967 0.0034647079135455 -0.00416396454765534 -0.00250829453388265 -0.00403203805567138 0.00184433148053132 0.00197585808422868 0.000851322044654071 -0.00608015177341417 -0.00258452936851901 -0.0021260886079772 -0.000883507502469315 -0.00814824208362352 0.00428251936749302 0.00056980379972416 0.000961586951028765 -0.00960808204158633 -0.00597268718309346 -0.00487365105218663 0.00622064141804782 0.00378971422426571 -0.00726366391056935 -0.00231925332017392
-0.00652242928551982 0.00843591393402974 -0.000198934351839802 -0.0130895682708824 0.0033458154719787 -0.00468336258020459 -0.0077678443195816 -0.00600346951479747 -0.00400906667019998 -0.00739700680903185 0.00310052654958737 -0.00482957239747244 0.00719397725151442 -0.00635431707999004 -0.00369786539192848 -0.00209123590080215 0.00173369684336962 0.00233146448315551 -0.000244384374260395 -0.00871794753027899 -0.00485843979241863 0.00183394444683446 -0.00267002454437509 -0.00626309906169937 0.010452136331113 0.00200683495826591 0.00274770636445502 -0.012802586720016 -0.00734987714725213 -0.00808533993719982 0.0128996931090039 0.00369520144366019 -0.00586369938840265 -0.00318585024788874 -0.00592815054391682 0.00220496701661872 0.000579026101225313 -0.011407496629019 -0.000850770548672726 -0.00539932849273443 -0.00717695225101715 -0.00508126599122456 -0.00961722678391688 -0.00817386062638866 0.00221729922997167 -0.00570775541023115 0.00474378819534458 -0.00570119223896918 -0.0034342918067525 -0.00552056190852199 0.00252521081833236 0.00270529363211127 0.00116560805892983 -0.00832478607961789 -0.00353867056468709 -0.0029109853680156 -0.00120967555282991 -0.0111563616828953 0.00586351442279555 0.000780160580990475 0.00131657990829585 -0.0131551366828316 -0.00817764835034846 -0.00667287659060788 0.00851714085653161 0.00518877840481632 -0.00994522019567546 -0.00317546148096396
0.030390425859643 -0.0393060630859761 0.000926909193779297 0.0609891708529707 -0.0155893996837884 0.0218215295309546 0.0361932780793161 0.0279723991174768 0.0186797338957073 0.034465408082265 -0.0144465072914286 0.0225027754927154 -0.0335194178008912 0.0296071285183294 0.0172297313030027 0.00974384647441778 -0.00807793892047119 -0.0108631608589501 0.00113867776592136 0.0406201625911665 0.0226372794309675 -0.00854502981978818 0.0124406382050628 0.029182109817386 -0.0487003937245838 -0.00935059106690787 -0.012802586720016 0.059652016985461 0.0342458134451432 0.0376726083419544 -0.0601044717972877 -0.0172173189764296 0.0273211580725145 0.0148440621615221 0.0276214599964571 -0.0102737620766967 -0.00269789813423536 0.0531517729625641 0.00396405666526834 0.0251574812186294 0.0334400919864249 0.023675509632931 0.0448102393690736 0.038085059182596 -0.0103312224490798 0.0265945570317949 -0.0221030749638828 0.0265639767739017 0.0160016438607005 0.0257223528290251 -0.0117658971519815 -0.0126049700129006 -0.00543100181629432 0.0387882770475836 0.0164879833464156 0.0135633643743112 0.0056363286734461 0.0519816417695927 -0.027320296248902 -0.00363505854296394 -0.00613443585815308 0.0612946784905161 0.0381027075984144 0.0310914158544617 -0.0396845295526928 -0.0241764499867812 0.0463384827621648 0.0147956570294493
0.0174469348582371 -0.0225653409847557 0.00053213220499301 0.0350134643010287 -0.00894976733851118 0.0125275903007084 0.0207783124814463 0.016058762305115 0.0107239069946826 0.0197863541778252 -0.00829364066192005 0.0129186889306575 -0.0192432676514343 0.016997249231861 0.00989147046035987 0.0055938753702554 -0.00463748927985355 -0.00623646607441383 0.000653707088485871 0.0233197564895001 0.0129959067182495 -0.00490564295861068 0.00714208498956439 0.016753248913368 -0.0279585617130701 -0.00536811014047012 -0.00734987714725213 0.0342458134451432 0.0196602864041528 0.0216275858297458 -0.0345055646465477 -0.0098843446288839 0.0156848892919185 0.00852187418365908 0.0158572905649059 -0.00589809627969652 -0.00154884479801484 0.0305140679752408 0.00227573771860628 0.0144427372635675 0.0191977272459144 0.0135919475498315 0.0257252508031627 0.021864371025917 -0.0059310838850209 0.015267752622498 -0.0126892236009661 0.0152501967063725 0.00918643389045387 0.0147670261772983 -0.00675472078303245 -0.00723642675231967 -0.003117900859352 0.0222680835746733 0.00946563805052217 0.00778663437590672 0.00323577759849078 0.0298423036902107 -0.0156843945248989 -0.00208686215513648 -0.00352173751376604 0.0351888541384587 0.0218745028602834 0.0178493684020236 -0.0227826159851564 -0.0138795339680624 0.0266026048438707 0.00849408512963339
