0.000164044983627663 0.000669585815342157 0.00164092169421867 0.00136144600269354 -0.0013466874295252 0.000926523119019663 0.000790534237023278 0.00107536412535718 0.000213693133869696 0.00201100522836923 0.00238456876552201 0.00194446432280178 0.00209464223879598 0.00135353179264443 -0.00085093942462796 -0.00120655806289203 0.00131198244683406 0.00181761485121892 0.00163335052145542 0.00219880619532835 -0.00039105323731419 -0.000413857718984573 0.000444731368723752 0.000102729785847298 0.00146675107691075 0.00261367721593714 0.00218111157405663 0.000501283287618517 0.000435824836640176 -0.000488097401789573 0.00357034507341456 0.000318567060640276 -0.00164949238955565 0.00168828656424661 -0.000185317655931015 0.00184195906009294 0.00133045028629677 0.00125549347199007 -0.000691432526839702 0.00146280326570446 0.000570547553468455 0.00108496410195141 0.000634229756519761 0.00180552151083156 0.00211941186632838 0.00197151229278971 0.00233706291693995 0.00151472822693058 -3.792479025533e-05 -0.000539877378784033 0.00172762886959088 0.00208659310908674 0.00162695605808259 0.00204489428084361 -0.000456229563053596 2.31940537967001e-05 0.000584833896042981 0.000671695690975208 0.00272366188998528 0.00257640427924937 0.00244445935009374 0.000731321305868814 0.00049101237113286 -0.000394853944361097 0.00340846581367884 0.000984906700750728 -0.00201661800729985 0.00171560152247229
0.000669585815342157 0.00273306232347245 0.0066977841457796 0.00555704241360387 -0.00549680203910609 0.00378180865006056 0.00322674000720775 0.00438933607565411 0.000872235700909494 0.00820836179027103 0.00973314383526353 0.00793676039458855 0.00854974471208281 0.0055247388181428 -0.00347329711550055 -0.00492483309415244 0.00535514599076006 0.00741899627296011 0.00666688073272992 0.00897491289596524 -0.00159617011723763 -0.00168925164350591 0.00181526926060121 0.000419314299622926 0.00598686832123071 0.0106683005537474 0.00890268839296984 0.00204609840200465 0.0017789152836909 -0.00199227729807001 0.0145731516085933 0.00130030178505259 -0.0067327673308692 0.00689111431909488 -0.000756414923515777 0.00751836253572108 0.00543052655449808 0.00512457376939545 -0.00282223449934239 0.00597075445827114 0.00232881579389073 0.0044285204994199 0.00258874876416476 0.00736963463443622 0.00865084741501365 0.00804716265521984 0.00953923822685711 0.00618269765050015 -0.00015479840372585 -0.00220362870515069 0.00705169862358767 0.00851689041224401 0.00664078031882828 0.00834668743931212 -0.00186220167910653 9.46716509040168e-05 0.00238712865496994 0.00274167424664611 0.0111172272811554 0.0105161628342612 0.00997760047767328 0.00298504935681974 0.00200417538895496 -0.00161168354209587 0.0139124056734225 0.0040201141276893 -0.00823127158655669 0.00700260635115902
0.00164092169421867 0.0066977841457796 0.0164139368788561 0.0136183760815127 -0.0134707478983638 0.00926789623537215 0.00790761625785761 0.0107567344240662 0.00213754600426091 0.0201158367262731 0.0238525466135708 0.0194502362727633 0.0209524474035027 0.0135392112166384 -0.00851184188299984 -0.0120690511648178 0.0131235982462621 0.0181813766879258 0.0163382033735507 0.021994386585365 -0.00391165719617339 -0.00413976760754248 0.00444859290970298 0.00102759334977215 0.0146717297225269 0.0261442901238039 0.0218173894759523 0.00501427476422855 0.00435950197017528 -0.00488237797814143 0.0357137204518866 0.00318658693065912 -0.0164996684849193 0.0168877218191449 -0.00185370960583078 0.0184248888001926 0.0133083297616645 0.0125585460132962 -0.00691631410049632 0.0146322402550051 0.00570711665401936 0.0108527618033199 0.00634412185961411 0.0180604084988451 0.0212002149260249 0.0197207937732505 0.023377351482231 0.0151516392238928 -0.000379356989177506 -0.00540032668768078 0.0172812580365431 0.0208719329539451 0.0162742403468289 0.0204548247292708 -0.00456360792633407 0.000232007253195043 0.00585002117290906 0.00671888897094289 0.0272444532234985 0.0257714535452895 0.0244516247281826 0.00731531662661639 0.00491153605617347 -0.0039496751989719 0.0340944622260617 0.00985189998684399 -0.0201719806601407 0.0171609499699729
0.00136144600269354 0.00555704241360387 0.0136183760815127 0.0112989448214841 -0.0111764601224633 0.00768942255287445 0.00656082041149497 0.00892468734813954 0.00177348710381958 0.0166897820891209 0.0197900694198391 0.016137544234009 0.0173839043414732 0.0112332630225191 -0.00706213657117107 -0.0100134951731923 0.0108884357104176 0.0150847921033967 0.0135555412256928 0.0182483843097704 -0.00324543826338616 -0.00343469775628298 0.00369092507940168 0.000852577465073927 0.0121728951806231 0.0216914916828261 0.0181015326909836 0.00416026210039025 0.0036170077779707 -0.00405082948528186 0.0296310921610964 0.00264385927388637 -0.0136895061986843 0.0140114677295573 -0.00153799266711178 0.0152868301366687 0.0110417044398776 0.010419621076182 -0.00573835315766075 0.0121401314126167 0.00473510173148153 0.00900435970063185 0.00526361457515193 0.0149844267672219 0.0175894730193228 0.0163620213853775 0.0193958077592484 0.0125710682772378 -0.000314746315030892 -0.00448056309334315 0.0143379783192945 0.0173171028140783 0.0135024721442385 0.0169710349138402 -0.00378635116535924 0.000192492639088852 0.0048536672832045 0.00557455274329073 0.0226042790874094 0.0213821552463193 0.0202871147738697 0.00606939905471037 0.00407502146770419 -0.00327698118107856 0.0282876199852789 0.008173960953336 -0.0167363637965898 0.0142381606760146
-0.0013466874295252 -0.00549680203910609 -0.0134707478983638 -0.0111764601224633 0.0110553032024282 -0.00760606639688707 -0.00648969871596254 -0.00882794046947412 -0.00175426185424445 -0.0165088587402413 -0.0195755378211114 -0.015962607345683 -0.0171954564532224 -0.0111114903382488 0.00698558042490874 0.00990494521903176 -0.0107704010804704 -0.0149212674336362 -0.0134085941953882 -0.0180505651421302 0.00321025652428026 0.00339746437497593 -0.00365091410009331 -0.000843335213177723 -0.0120409365397087 -0.0214563479705539 -0.0179053054486615 -0.00411516333592466 -0.00357779808927497 0.00400691701043325 -0.0293098802725218 -0.00261519887129731 0.0135411069390206 -0.0138595782890114 0.00152132026345784 -0.0151211153006504 -0.0109220083207831 -0.0103066685685283 0.00567614730830971 -0.0120085279429441 -0.00468377149493498 -0.00890674914449304 -0.0052065550658628 -0.0148219900944547 -0.0173987966913342 -0.0161846510825375 -0.019185550101282 -0.0124347932941633 0.000311334349730278 0.0044319921488344 -0.0141825493844027 -0.0171293790788441 -0.0133561004022083 -0.0167870626813588 0.00374530573233843 -0.000190405948399144 -0.004801051752664 -0.00551412255040767 -0.0223592404254506 -0.0211503648542836 -0.0200671950215091 -0.00600360454662147 -0.00403084674290813 0.00324145750519531 -0.0279809718270082 -0.00808535222367186 0.0165549354849452 -0.0140838138009245
0.000926523119019663 0.00378180865006056 0.00926789623537215 0.00768942255287445 -0.00760606639688707 0.00523298592309508 0.00446492316181451 0.006073637251653 0.00120693497922145 0.0113581213844524 0.0134680015279404 0.0109822995457994 0.011830501716069 0.00764472323676537 -0.00480609057569586 -0.00681461825279812 0.00741005327842742 0.0102658560102647 0.00922513438768797 0.0124188178703432 -0.00220866165564347 -0.00233746095823492 0.00251183477704544 0.000580215984022382 0.00828418371932237 0.0147620019379388 0.0123188789674399 0.002831238998511 0.0024615308439215 -0.00275676535234941 0.0201652448020282 0.0017992610326402 -0.00931630336858761 0.00953541216996397 -0.00104667078983854 0.0104033516644275 0.00751435930377584 0.00709100456382933 -0.00390519848393058 0.00826188655258635 0.00322244232709038 0.00612785774690933 0.00358211826531389 0.0101975530411199 0.011970400127168 0.0111350659941368 0.0131996893490088 0.00855515780030336 -0.000214198533710051 -0.00304921773173191 0.00975761680341821 0.0117850403761445 0.00918901857349096 0.0115495261437131 -0.00257677637195432 0.00013099959895881 0.00330313133317164 0.00379372518971357 0.0153831934001218 0.0145514850614621 0.013806262473141 0.00413048959093463 0.00277322904680726 -0.0022301279807313 0.019250953652624 0.00556273534333814 -0.0113898222589696 0.00968968656306938
0.000790534237023278 0.00322674000720775 0.00790761625785761 0.00656082041149497 -0.00648969871596254 0.00446492316181451 0.00380959152840922 0.00518218929687577 0.00102978911518698 0.00969105210475086 0.0114912581171034 0.00937039088823362 0.0100940996028364 0.00652268176278737 -0.00410068466542157 -0.005814414050219 0.00632245509530469 0.00875910215500319 0.00787113070888557 0.0105960666370101 -0.0018844890331869 -0.00199438403344442 0.00214316442648638 0.000495055752870112 0.00706828650195418 0.0125953337800057 0.0105107960995202 0.0024156886272699 0.00210024376905748 -0.0023521457260318 0.0172055247049056 0.00153517750226128 -0.00794891851501387 0.00813586798833561 -0.000893047434299371 0.00887641711436723 0.00641145177814298 0.00605023422246244 -0.00333201950447283 0.00704926196459337 0.00274947374124168 0.00522845166957711 0.00305635884487515 0.00870082423997783 0.0102134646585039 0.00950073529648426 0.0112623270097176 0.0072994888151658 -0.00018275990198404 -0.00260167389630067 0.00832545890815707 0.0100553107750852 0.00784031573294528 0.00985436375042778 -0.0021985743273604 0.000111772351803625 0.002818319753337 0.00323690751667316 0.0131253509037249 0.0124157151661689 0.0117798713775171 0.00352424388584825 0.00236619298925669 -0.00190280467429358 0.0164254271106047 0.00474627416211825 -0.00971810013640277 0.00826749901528166
0.00107536412535718 0.00438933607565411 0.0107567344240662 0.00892468734813954 -0.00882794046947412 0.006073637251653 0.00518218929687577 0.00704933474058511 0.00140082265801067 0.0131827431151592 0.0156315642708699 0.0127465474989712 0.0137310088321359 0.00887280732487302 -0.00557816343944987 -0.0079093503946422 0.00860043888709167 0.0119150111237394 0.0107071031132122 0.0144138348444474 -0.00256347139188932 -0.00271296161672518 0.00291534766117571 0.000673424592833328 0.00961499372951772 0.0171334389575826 0.0142978412888591 0.00328606247033787 0.00285696266900942 -0.003199625029412 0.0234046840213668 0.00208830273841587 -0.0108129179055172 0.0110672253693174 -0.00121481287983677 0.0120745947227279 0.0087215011200956 0.00823013669508256 -0.00453254782941801 0.00958911464165384 0.00374011053091914 0.00711226546973891 0.00415756649373309 0.0118357356462409 0.0138933811781703 0.012923855063918 0.015320149168865 0.00992949835396455 -0.000248608387775169 -0.00353905832654985 0.0113251259941368 0.013678244369985 0.010665185485742 0.0134048960299719 -0.00299072177756299 0.000152043987100436 0.00383376179624571 0.0044031669439597 0.017854421520993 0.0168891036656745 0.0160241650360435 0.00479403075333091 0.00321873352873315 -0.00258838616781756 0.0223435168664217 0.00645635916069928 -0.0132195365663948 0.011246283122331
0.000213693133869696 0.000872235700909494 0.00213754600426091 0.00177348710381958 -0.00175426185424445 0.00120693497922145 0.00102978911518698 0.00140082265801067 0.000278367277396902 0.0026196351755196 0.00310625757133035 0.00253295569086368 0.00272858489449517 0.00176317766118927 -0.00110847590923445 -0.00157172238951456 0.00170905342209272 0.00236771527623582 0.0021276834190171 0.00286427403180029 -0.000509405346896981 -0.000539111596040684 0.000579329143818524 0.000133820915422188 0.00191066271763128 0.0034047056048061 0.00284122414030971 0.00065299647888557 0.000567727053277491 -0.000635819889859048 0.00465090861580926 0.000414981257155604 -0.00214871061719513 0.00219924583370876 -0.000241403972139546 0.00239942725042013 0.00173311054595788 0.00163546808106885 -0.00090069431111152 0.00190552010290486 0.000743223547750119 0.00141332806377275 0.000826179144689599 0.00235196189110217 0.00276085104012872 0.00256818971840733 0.00304437409622402 0.00197316013337149 -4.94027132180209e-05 -0.00070327105667291 0.0022504950724039 0.00271809969882229 0.00211935367380126 0.00266378073649306 -0.000594307262172719 3.02137251219388e-05 0.000761833646326592 0.000874984129579066 0.00354797709751038 0.00335615202838334 0.00318427401793788 0.00095265541353885 0.000639617073535903 -0.000514356336447612 0.00444003666132177 0.00128298832916701 -0.00262694665980201 0.00223482765337606
0.00201100522836923 0.00820836179027103 0.0201158367262731 0.0166897820891209 -0.0165088587402413 0.0113581213844524 0.00969105210475086 0.0131827431151592 0.0026196351755196 0.0246526406300082 0.0292321054190533 0.0238369246840682 0.0256779354091227 0.0165927628603994 -0.0104315511154939 -0.0147910318203582 0.016083415059496 0.022281894198357 0.0200230227451621 0.0269548672394168 -0.004793868653701 -0.00507342570479302 0.00545190159397504 0.00125935052617682 0.0179807027265069 0.032040714871532 0.0267379512746335 0.00614516390567005 0.0053427176238796 -0.0059835199178059 0.0437683765205254 0.00390527043477225 -0.0202209037191936 0.0206964762506332 -0.0022717840359707 0.0225803265566257 0.0163098098013218 0.0153909243703915 -0.00847617766657942 0.0179323070438051 0.00699426515633391 0.0133004279275583 0.00777493665544491 0.0221336435770357 0.025981582917086 0.0241685020835085 0.0286497376576989 0.0185688481083317 -0.000464914865433373 -0.00661828364027999 0.0211787682414873 0.0255792622185676 0.0199446338850397 0.0250680819327739 -0.00559285640041157 0.000284332763006692 0.00716939949434485 0.0082342264697964 0.0333890020892218 0.0315837909906659 0.0299662959809372 0.00896516880429611 0.00601925413204551 -0.00484046100644356 0.0417839206079205 0.0120738378026915 -0.0247214469264615 0.0210313266227068
0.00238456876552201 0.00973314383526353 0.0238525466135708 0.0197900694198391 -0.0195755378211114 0.0134680015279404 0.0114912581171034 0.0156315642708699 0.00310625757133035 0.0292321054190533 0.0346622497790558 0.0282648624010905 0.0304478585514864 0.0196750279374995 -0.0123693119316873 -0.017538608050895 0.0190710638902223 0.0264209700663757 0.0237424915439773 0.0319619927343643 -0.00568437580189704 -0.00601586326041353 0.00646464468132434 0.00149328698265006 0.0213207909650907 0.0379925854144145 0.0317047825456148 0.00728668712629703 0.00633517874005655 -0.00709501621507427 0.0518987728605197 0.00463071192869355 -0.0239771308096092 0.0245410455067037 -0.00269378974145195 0.0267748391016769 0.019339513629895 0.0182499364041478 -0.0100507090830047 0.0212634053194799 0.00829351709000659 0.015771110167551 0.00921920581853513 0.0262451804681763 0.0308079115006301 0.0286580334873236 0.033971701612307 0.0220181900008072 -0.00055127726725917 -0.00784769339599122 0.0251129278673402 0.030330855868016 0.0236495412001513 0.0297247189341789 -0.00663178319694686 0.000337150304790677 0.00850118431349259 0.00976381312744455 0.0395913299332753 0.0374507835338605 0.0355328232898115 0.0106305350213798 0.00713738840284096 -0.00573962313168752 0.0495456852011751 0.0143166691454226 -0.0293136931459667 0.024938097551674
0.00194446432280178 0.00793676039458855 0.0194502362727633 0.016137544234009 -0.015962607345683 0.0109822995457994 0.00937039088823362 0.0127465474989712 0.00253295569086368 0.0238369246840682 0.0282648624010905 0.0230481994574773 0.0248282941197209 0.0160437352144135 -0.0100863879861763 -0.0143016205360317 0.0155512409071972 0.0215446224116899 0.0193604933559466 0.026062974344133 -0.00463524730508952 -0.00490555426618923 0.00527150700125591 0.00121768065716977 0.0173857503985455 0.0309805395161905 0.0258532357772626 0.00594183038600772 0.00516593575187403 -0.00578553493587002 0.0423201518377609 0.00377605136186798 -0.0195518267690762 0.0200116633757861 -0.00219661438207092 0.0218331801266262 0.0157701446137316 0.0148816636132942 -0.00819571467735978 0.0173389560505927 0.00676283625166682 0.0128603383115547 0.00751767659540899 0.0214012771632908 0.0251218944234959 0.0233688054978614 0.0277017642456363 0.0179544350023674 -0.000449531585608293 -0.00639929535496183 0.0204779971058825 0.0247328858652098 0.0192846982562309 0.0242386197070599 -0.00540779784146697 0.000274924652442851 0.00693217567811671 0.0079617692537642 0.0322842140938113 0.030538734506414 0.0289747597865283 0.00866852589040044 0.00582008676284295 -0.00468029799235043 0.0404013583568696 0.0116743340670811 -0.0239034542916247 0.0203354340914405
0.00209464223879598 0.00854974471208281 0.0209524474035027 0.0173839043414732 -0.0171954564532224 0.011830501716069 0.0100940996028364 0.0137310088321359 0.00272858489449517 0.0256779354091227 0.0304478585514864 0.0248282941197209 0.02674587184273 0.0172828501166564 -0.0108653957107768 -0.0154061857071459 0.0167523187172551 0.0232085904550878 0.0208557733210869 0.0280759108252571 -0.00499324398943754 -0.00528442772138907 0.00567864429162116 0.00131172647806542 0.0187285139207307 0.0333732770976203 0.0278499734006824 0.00640073914257254 0.00556491939805299 -0.00623237243727947 0.0455886881297486 0.00406768927857465 -0.0210618840962421 0.0215572355244293 -0.00236626674661879 0.0235194345116992 0.0169881291379242 0.0160310275804103 -0.00882869895786098 0.0186781054783594 0.00728515421995019 0.0138535881150927 0.00809829357612587 0.0230541741418099 0.0270621479453042 0.0251736617082781 0.0298412703167879 0.0193411200651324 -0.000484250513545702 -0.00689353576296003 0.022059585872019 0.0266430948683802 0.0207741242954418 0.0261106547716771 -0.00582546135960199 0.000296158064069455 0.00746757233437686 0.00857668509466484 0.034777639113373 0.0328973499109203 0.0312125838443662 0.00933802706750935 0.00626959282510371 -0.0050417741019816 0.0435216993835576 0.012575984532073 -0.025749603335597 0.0219060122074171
0.00135353179264443 0.0055247388181428 0.0135392112166384 0.0112332630225191 -0.0111114903382488 0.00764472323676537 0.00652268176278737 0.00887280732487302 0.00176317766118927 0.0165927628603994 0.0196750279374995 0.0160437352144135 0.0172828501166564 0.0111679630378548 -0.00702108372580723 -0.00995528581052227 0.0108251402384356 0.0149971028281575 0.0134767416255784 0.0181423047838848 -0.00322657223412972 -0.00341473154429612 0.00366946939456648 0.000847621354344315 0.0121021330283419 0.0215653970590828 0.0179963068269803 0.00413607811655489 0.00359598178116472 -0.00402728164324021 0.0294588439140975 0.0026284902782799 -0.0136099278479376 0.0139300177870045 -0.00152905217516612 0.0151979663958759 0.0109775180027625 0.0103590508665182 -0.00570499558627278 0.0120695597191135 0.00470757615233059 0.00895201653469827 0.00523301670253493 0.0148973209248552 0.0174872238049928 0.0162669074595841 0.0192830581559771 0.0124979915083531 -0.000312916665933968 -0.00445451717056041 0.0142546303408407 0.0172164369126458 0.0134239810395451 0.0168723807367423 -0.00376434075996447 0.000191373661784101 0.00482545247166457 0.00554214735868276 0.0224728783470549 0.0212578588235545 0.0201691839214575 0.00603411708326542 0.00405133299545758 -0.00325793178995858 0.0281231814648308 0.00812644497121848 -0.0166390737841453 0.0141553929466444
-0.00085093942462796 -0.00347329711550055 -0.00851184188299984 -0.00706213657117107 0.00698558042490874 -0.00480609057569586 -0.00410068466542157 -0.00557816343944987 -0.00110847590923445 -0.0104315511154939 -0.0123693119316873 -0.0100863879861763 -0.0108653957107768 -0.00702108372580723 0.00441402040082899 0.00625869685931945 -0.00680555762049338 -0.00942839032007221 -0.00847256845169798 -0.0114057183422802 0.00202848395239148 0.00214677609447599 -0.00230692488515679 -0.000532883255116566 -0.00760837844509619 -0.0135577506675901 -0.0113139322326962 -0.00260027282095921 -0.00226072463496303 0.00253187456913606 -0.0185202090018821 -0.00165248132123282 0.00855630007000098 -0.00875753446291218 0.00096128571580867 -0.00955466938471764 -0.00690135459239098 -0.00651253619009923 0.00358662108128501 -0.00758790023160783 -0.00295956265248129 -0.00562796074735222 -0.00328989702799938 -0.00936565935516558 -0.0109938815207941 -0.0102266920875874 -0.0121228880632767 -0.00785724706351019 0.000196724693955009 0.00280046933416052 -0.00896161213680906 -0.0108236430058049 -0.00843939888525986 -0.0106073415003995 0.00236656868925814 -0.000120312943170215 -0.00303366922899202 -0.00348424153036483 -0.0141282667125357 -0.0133644072894636 -0.0126799783016616 -0.0037935334410874 -0.00254699519203431 0.00204819910244456 -0.0176805036900064 -0.0051089397719792 0.0104606659032074 -0.00889922349431256
-0.00120655806289203 -0.00492483309415244 -0.0120690511648178 -0.0100134951731923 0.00990494521903176 -0.00681461825279812 -0.005814414050219 -0.0079093503946422 -0.00157172238951456 -0.0147910318203582 -0.017538608050895 -0.0143016205360317 -0.0154061857071459 -0.00995528581052227 0.00625869685931945 0.00887428757001179 -0.00964968854636466 -0.0133686370986395 -0.0120133648564588 -0.0161723161845163 0.00287621374373986 0.00304394170847863 -0.00327101875893121 -0.000755582088962617 -0.0107880186212765 -0.0192237107709665 -0.0160421714675423 -0.00368696060735349 -0.00320551082409404 0.00358997783767981 -0.0262600448997132 -0.00234307472918374 0.0121320890056268 -0.012417421865136 0.00136301950242696 -0.0135476898246182 -0.00978552031710937 -0.0092342096542017 0.00508551661718456 -0.0107589822963832 -0.00419640232622509 -0.00797995864432598 -0.00466478772793099 -0.0132796900486962 -0.0155883674060504 -0.0145005595438094 -0.0171892004471165 -0.0111408926678392 0.000278938498783458 0.00397082184374117 -0.0127067862496857 -0.0153469840044472 -0.0119663332973722 -0.0150402872904282 0.00335558848347006 -0.000170593284846052 -0.00430147900361778 -0.0049403513221437 -0.0200326528814339 -0.0189495666838156 -0.0179791059320759 -0.00537890033969893 -0.00361141756528653 0.00290416811107695 -0.0250694158312106 -0.0072440320618666 0.0148323140560244 -0.0126183245831341
0.00131198244683406 0.00535514599076006 0.0131235982462621 0.0108884357104176 -0.0107704010804704 0.00741005327842742 0.00632245509530469 0.00860043888709167 0.00170905342209272 0.016083415059496 0.0190710638902223 0.0155512409071972 0.0167523187172551 0.0108251402384356 -0.00680555762049338 -0.00964968854636466 0.0104928410655186 0.0145367369801242 0.013063046283333 0.0175853907170271 -0.00312752619304924 -0.00330990957960008 0.00355682774577481 0.00082160193392191 0.0117306340262717 0.0209034043782938 0.0174438744572885 0.00400911298659093 0.00348559598057595 -0.00390365623703986 0.0285545462096681 0.00254780355032497 -0.0131921440901558 0.013502408233005 -0.00148211488271882 0.0147314346418172 0.0106405412918238 0.0100410592322919 -0.00552986941949277 0.0116990606194443 0.00456306775545009 0.00867721661295159 0.00507237886470455 0.0144400180804605 0.0169504187494444 0.0157675624371941 0.0186911263993991 0.0121143408442626 -0.000303311067577599 -0.00431777692157353 0.0138170561599835 0.016687944198405 0.013011905288244 0.0163544495099437 -0.00364878684624497 0.000185499067263547 0.00467732562711887 0.00537202014158351 0.021783028726329 0.0206053066395217 0.0195500507751068 0.00584888787866503 0.003926969285247 -0.00315792310504758 0.0272598845712372 0.00787698760778378 -0.0161283043774873 0.0137208650546377
0.00181761485121892 0.00741899627296011 0.0181813766879258 0.0150847921033967 -0.0149212674336362 0.0102658560102647 0.00875910215500319 0.0119150111237394 0.00236771527623582 0.022281894198357 0.0264209700663757 0.0215446224116899 0.0232085904550878 0.0149971028281575 -0.00942839032007221 -0.0133686370986395 0.0145367369801242 0.0201391330250618 0.0180974882583542 0.0243627248282832 -0.0043328613654703 -0.00458553452646446 0.00492761389418613 0.00113824379319271 0.0162515700357249 0.0289594867147084 0.0241666688093856 0.00555420792574369 0.00482892971238445 -0.00540810859750357 0.0395593457715478 0.00352971610423131 -0.0182763398058785 0.0187061784178235 -0.0020533155977376 0.0204088663299887 0.0147413602397634 0.0139108403672805 -0.00766105736126721 0.0162078283734096 0.00632165448511775 0.0120213786556393 0.00702725191007232 0.0200051390765554 0.0234830373894984 0.0218443133309622 0.0258946062971641 0.0167831558146179 -0.000420205851304229 -0.00598182961657795 0.0191420903054874 0.0231194062729484 0.0180266377432393 0.0226573841628108 -0.00505501363731733 0.000256989611681997 0.00647994685016805 0.00744237364909226 0.0301781145113993 0.0285465033867573 0.0270845564410303 0.0081030241654754 0.00544040639443731 -0.00437497311689861 0.037765727093955 0.0109127448262165 -0.022344083666851 0.0190088275609641
0.00163335052145542 0.00666688073272992 0.0163382033735507 0.0135555412256928 -0.0134085941953882 0.00922513438768797 0.00787113070888557 0.0107071031132122 0.0021276834190171 0.0200230227451621 0.0237424915439773 0.0193604933559466 0.0208557733210869 0.0134767416255784 -0.00847256845169798 -0.0120133648564588 0.013063046283333 0.0180974882583542 0.0162628193007958 0.021892905020921 -0.00389360890506531 -0.00412066682054769 0.00442806721027967 0.00102285205906407 0.0146040347186421 0.0260236610054266 0.0217167245718637 0.00499113902249504 0.00433938733417882 -0.00485985080496905 0.0355489382148596 0.00317188409611063 -0.0164235394160699 0.0168098022816552 -0.00184515663482181 0.0183398768116612 0.013246925452019 0.0125006011876187 -0.00688440239555377 0.0145647274545624 0.00568078415666753 0.0108026874244749 0.00631485023574598 0.0179770782135541 0.0211023976502899 0.0196298025107109 0.023269488951409 0.0150817299292478 -0.000377606645261567 -0.00537540971176752 0.0172015227325235 0.0207756303632401 0.0161991513979226 0.0203604466657636 -0.00454255155042306 0.000230936777374987 0.00582302931758483 0.00668788818074351 0.0271187479793531 0.025652544685812 0.0243388055267476 0.00728156393372855 0.00488887434833865 -0.00393145149372412 0.0339371512070819 0.00980644356006298 -0.0200789076322852 0.0170817697644446
0.00219880619532835 0.00897491289596524 0.021994386585365 0.0182483843097704 -0.0180505651421302 0.0124188178703432 0.0105960666370101 0.0144138348444474 0.00286427403180029 0.0269548672394168 0.0319619927343643 0.026062974344133 0.0280759108252571 0.0181423047838848 -0.0114057183422802 -0.0161723161845163 0.0175853907170271 0.0243627248282832 0.021892905020921 0.0294720909941866 -0.00524155181033315 -0.00554721574756087 0.00596103621812756 0.00137695700636896 0.0196598596531057 0.035032888710789 0.0292349179821514 0.0067190399490173 0.00584165592687338 -0.00654230057661821 0.0478557569593378 0.00426997041344006 -0.0221092654288901 0.0226292500682664 -0.00248393825250826 0.0246890267736938 0.0178329276969881 0.016828230667948 -0.00926773918986389 0.0196069444615136 0.00764743588955633 0.0145425098428754 0.00850101165581803 0.0242006295835648 0.0284079149455284 0.0264255166338472 0.0313252396202693 0.020302929940078 -0.000508331690039474 -0.00723634273317567 0.023156581674613 0.0279680228796444 0.0218071956906565 0.0274091051983391 -0.00611515431652022 0.000310885636702658 0.00783892543021031 0.00900319299030724 0.0365070879050608 0.0345332942562999 0.0327647468661033 0.00980239555370837 0.0065813718880931 -0.00529249526508903 0.0456859794304499 0.0132013726207347 -0.0270300991228474 0.0229953709824425
-0.00039105323731419 -0.00159617011723763 -0.00391165719617339 -0.00324543826338616 0.00321025652428026 -0.00220866165564347 -0.0018844890331869 -0.00256347139188932 -0.000509405346896981 -0.004793868653701 -0.00568437580189704 -0.00463524730508952 -0.00499324398943754 -0.00322657223412972 0.00202848395239148 0.00287621374373986 -0.00312752619304924 -0.0043328613654703 -0.00389360890506531 -0.00524155181033315 0.000932199394533151 0.000986561107919742 -0.00106015824214003 -0.000244889020290681 -0.00349646630013317 -0.00623052844399321 -0.0051993710695489 -0.00119496767349894 -0.00103892669864809 0.00116353493336733 -0.00851104964267917 -0.000759405606987656 0.00393208816628564 -0.00402456638333533 0.000441763397336095 -0.00439089350689587 -0.00317155014458002 -0.00299286680879499 0.00164824868170733 -0.00348705544026787 -0.00136008101492416 -0.00258635598026441 -0.00151188773959083 -0.004304033053846 -0.00505229025113608 -0.00469972471849561 -0.0055711305476469 -0.0036108350508104 9.04057635646442e-05 0.00128696892801904 -0.00411835124360998 -0.00497405633638804 -0.00387836567392508 -0.00487465395652803 0.00108756783441479 -5.52903820834028e-05 -0.00139413704266487 -0.0016011996748528 -0.00649271179084333 -0.00614167658011032 -0.00582714400159141 -0.0017433362352972 -0.00117048368713691 0.000941259584987673 -0.00812515909501475 -0.00234783743619492 0.00480724849210026 -0.00408968024786835
-0.000413857718984573 -0.00168925164350591 -0.00413976760754248 -0.00343469775628298 0.00339746437497593 -0.00233746095823492 -0.00199438403344442 -0.00271296161672518 -0.000539111596040684 -0.00507342570479302 -0.00601586326041353 -0.00490555426618923 -0.00528442772138907 -0.00341473154429612 0.00214677609447599 0.00304394170847863 -0.00330990957960008 -0.00458553452646446 -0.00412066682054769 -0.00554721574756087 0.000986561107919742 0.00104409295411232 -0.00112198194513923 -0.000259169856354978 -0.0037003646291692 -0.00659386509010741 -0.00550257521399581 -0.00126465286161851 -0.00109951227267099 0.00123138710419466 -0.00900737611961932 -0.00080369075691731 0.00416139002076011 -0.00425926115520413 0.000467525069497122 -0.00464695084369821 -0.00335650081174625 -0.00316739746030376 0.00174436719771395 -0.00369040496990571 -0.00143939487711872 -0.00273718073228566 -0.0016000542932856 -0.00455502507620916 -0.00534691729786965 -0.00497379171493545 -0.00589601404772913 -0.00382140285558431 9.56778247097369e-05 0.00136201921920429 -0.00435851513048159 -0.00526412112994318 -0.00410453467211446 -0.00515892204637838 0.00115098994265649 -5.85146707082182e-05 -0.00147543690059166 -0.00169457450250181 -0.00687133780105687 -0.00649983178158232 -0.00616695706512118 -0.00184499983357399 -0.00123874107830984 0.000996149648295541 -0.00859898215533206 -0.00248475284992854 0.00508758579572676 -0.00432817217007
0.000444731368723752 0.00181526926060121 0.00444859290970298 0.00369092507940168 -0.00365091410009331 0.00251183477704544 0.00214316442648638 0.00291534766117571 0.000579329143818524 0.00545190159397504 0.00646464468132434 0.00527150700125591 0.00567864429162116 0.00366946939456648 -0.00230692488515679 -0.00327101875893121 0.00355682774577481 0.00492761389418613 0.00442806721027967 0.00596103621812756 -0.00106015824214003 -0.00112198194513923 0.00120568142928296 0.000278503842411078 0.00397641061364068 0.00708576525743754 0.00591306551543858 0.00135899554921429 0.00118153552663774 -0.00132324817722606 0.00967932341606817 0.000863645823089716 -0.00447182834783612 0.00457700063672474 -0.000502402285936035 0.00499361184848877 0.00360689466851756 0.00340368426924408 -0.00187449641702843 0.00396570796707136 0.00154677326160691 0.00294137351479256 0.00171941781738701 0.00489482844897481 0.0057457955699575 0.00534483494123872 0.00633585475678609 0.00410647825194295 -0.00010281535896944 -0.00146362540505704 0.00468365892591824 0.00565682283513122 0.00441073160887838 0.0055437759345272 -0.00123685341387574 6.28798459005076e-05 0.00158550400817852 0.00182098920312779 0.00738393734137696 0.00698471709501932 0.006627010034176 0.00198263621443059 0.00133115075539187 -0.00107046208447467 0.0092404633963454 0.00267011459542248 -0.00546711802303588 0.00465105239063823
0.000102729785847298 0.000419314299622926 0.00102759334977215 0.000852577465073927 -0.000843335213177723 0.000580215984022382 0.000495055752870112 0.000673424592833328 0.000133820915422188 0.00125935052617682 0.00149328698265006 0.00121768065716977 0.00131172647806542 0.000847621354344315 -0.000532883255116566 -0.000755582088962617 0.00082160193392191 0.00113824379319271 0.00102285205906407 0.00137695700636896 -0.000244889020290681 -0.000259169856354978 0.000278503842411078 6.43324085068334e-05 0.000918522594780062 0.00163676142195612 0.00136587611493483 0.000313918314642054 0.000272926310484441 -0.000305660925738967 0.00223585492638606 0.000199496047936817 -0.00103296057086639 0.00105725462222959 -0.000116051357905137 0.00115348885164525 0.000833167037292415 0.000786226879103853 -0.000432995351880546 0.000916050359477163 0.00035729363182813 0.000679436380075196 0.000397173297375194 0.00113067058832719 0.00132723794617405 0.00123461889022645 0.00146353742528226 0.000948567294947716 -2.37496173005606e-05 -0.000338087067826263 0.00108189192910347 0.00130668587668279 0.00101884765832976 0.00128057284597151 -0.000285704349339205 1.452479756939e-05 0.000366240159059669 0.000420635565699794 0.00170563705449052 0.00161342001450093 0.00153079222536621 0.000457974876622805 0.000307486365138363 -0.000247269134649332 0.0021344813804353 0.000616777497307321 -0.00126286541315965 0.00107436005116072
0.00146675107691075 0.00598686832123071 0.0146717297225269 0.0121728951806231 -0.0120409365397087 0.00828418371932237 0.00706828650195418 0.00961499372951772 0.00191066271763128 0.0179807027265069 0.0213207909650907 0.0173857503985455 0.0187285139207307 0.0121021330283419 -0.00760837844509619 -0.0107880186212765 0.0117306340262717 0.0162515700357249 0.0146040347186421 0.0196598596531057 -0.00349646630013317 -0.0037003646291692 0.00397641061364068 0.000918522594780062 0.0131144438192747 0.0233692843657696 0.0195016493608316 0.00448204989687859 0.00389677595955839 -0.00436415289197217 0.031922996763253 0.0028483564015768 -0.0147483616093266 0.0150952262085817 -0.00165695326608911 0.0164692352991965 0.0118957577796541 0.0112255575353376 -0.00618220308190046 0.0130791458405727 0.00510135220213785 0.0097008285761344 0.00567074443736497 0.016143441645302 0.0189499829169439 0.0176275904001763 0.0208960339684034 0.0135434147935925 -0.000339091301169413 -0.00482712551898903 0.015446991727135 0.018656545431307 0.0145468608518712 0.0182837098841357 -0.00407921771290625 0.000207381552498133 0.00522908855769666 0.0060057330392397 0.0243526740161959 0.0230360213862048 0.0218562817644728 0.00653885470454562 0.00439021607494112 -0.00353044899823703 0.0304756097521036 0.00880620017776106 -0.0180308874341334 0.0153394533925364
0.00261367721593714 0.0106683005537474 0.0261442901238039 0.0216914916828261 -0.0214563479705539 0.0147620019379388 0.0125953337800057 0.0171334389575826 0.0034047056048061 0.032040714871532 0.0379925854144145 0.0309805395161905 0.0333732770976203 0.0215653970590828 -0.0135577506675901 -0.0192237107709665 0.0209034043782938 0.0289594867147084 0.0260236610054266 0.035032888710789 -0.00623052844399321 -0.00659386509010741 0.00708576525743754 0.00163676142195612 0.0233692843657696 0.0416428984175101 0.0347509658659704 0.00798678922454802 0.00694386027829663 -0.0077767026458491 0.0568851870082018 0.00507562895085775 -0.0262808443215102 0.026898939725945 -0.00295260802437662 0.0293473553509017 0.021197646665768 0.0200033832789807 -0.0110163773484264 0.0233063851293862 0.00909035502416732 0.0172863923703785 0.0101049835699183 0.0287668073194836 0.0337679237957213 0.0314114863292625 0.0372356896452362 0.0241336892327726 -0.000604243775198472 -0.00860169676099585 0.0275257683239724 0.0332450328412954 0.0259217800282939 0.032580658503841 -0.00726896237739667 0.00036954357648174 0.0093179748346631 0.0107019165397326 0.0433952496952205 0.0410490404205293 0.0389468032934542 0.0116519127400881 0.00782314593712946 -0.00629108391599409 0.054306015591023 0.0156922092138994 -0.0321301415158868 0.027334140378778
0.00218111157405663 0.00890268839296984 0.0218173894759523 0.0181015326909836 -0.0179053054486615 0.0123188789674399 0.0105107960995202 0.0142978412888591 0.00284122414030971 0.0267379512746335 0.0317047825456148 0.0258532357772626 0.0278499734006824 0.0179963068269803 -0.0113139322326962 -0.0160421714675423 0.0174438744572885 0.0241666688093856 0.0217167245718637 0.0292349179821514 -0.0051993710695489 -0.00550257521399581 0.00591306551543858 0.00136587611493483 0.0195016493608316 0.0347509658659704 0.028999653590636 0.00666496930492869 0.00579464592233303 -0.00648965222079904 0.0474706436661034 0.00423560835394259 -0.0219313438461734 0.0224471439733902 -0.00246394906622442 0.0244903448801935 0.0176894194139777 0.0166928075601839 -0.00919315820343673 0.0194491599977081 0.0075858940938069 0.0144254807911306 0.00843260081451888 0.0240058780061278 0.0281793057588032 0.0262128605526797 0.031073153623557 0.0201395446190982 -0.000504240953550386 -0.00717810915882612 0.0229702319437679 0.0277429536699861 0.0216317049768481 0.0271885338096866 -0.00606594336747029 0.000308383822940282 0.00777584264603427 0.00893074090674564 0.0362133016243118 0.0342553918361465 0.0325010766126306 0.00972351198623116 0.00652840911072073 -0.0052499045631449 0.0453183271538796 0.0130951362051347 -0.0268125777387745 0.0228103185747307
0.000501283287618517 0.00204609840200465 0.00501427476422855 0.00416026210039025 -0.00411516333592466 0.002831238998511 0.0024156886272699 0.00328606247033787 0.00065299647888557 0.00614516390567005 0.00728668712629703 0.00594183038600772 0.00640073914257254 0.00413607811655489 -0.00260027282095921 -0.00368696060735349 0.00400911298659093 0.00555420792574369 0.00499113902249504 0.0067190399490173 -0.00119496767349894 -0.00126465286161851 0.00135899554921429 0.000313918314642054 0.00448204989687859 0.00798678922454802 0.00666496930492869 0.001531805050595 0.00133177926020987 -0.00149151205258722 0.0109101435274368 0.000973466789128902 -0.00504046481430319 0.00515901078260704 -0.000566287622849265 0.00562859816181781 0.00406554640550054 0.00383649582757884 -0.00211285686740216 0.00446998630470634 0.00174346052540395 0.00331539776436395 0.00193805851555526 0.00551725349230958 0.00647642935904822 0.00602448268673109 0.00714152031027066 0.00462865690040083 -0.000115889331822449 -0.00164973961021561 0.00527923171060705 0.00637614287565912 0.00497159903077324 0.00624872096217348 -0.00139413135482004 7.08756298626001e-05 0.00178711626308903 0.00205254569085441 0.00832287678891783 0.00787289180550565 0.00746969881289425 0.00223474769178839 0.00150041952042559 -0.00120658174959939 0.0104154781879482 0.00300964563519011 -0.0061623152516777 0.00524247893724204
0.000435824836640176 0.0017789152836909 0.00435950197017528 0.0036170077779707 -0.00357779808927497 0.0024615308439215 0.00210024376905748 0.00285696266900942 0.000567727053277491 0.0053427176238796 0.00633517874005655 0.00516593575187403 0.00556491939805299 0.00359598178116472 -0.00226072463496303 -0.00320551082409404 0.00348559598057595 0.00482892971238445 0.00433938733417882 0.00584165592687338 -0.00103892669864809 -0.00109951227267099 0.00118153552663774 0.000272926310484441 0.00389677595955839 0.00694386027829663 0.00579464592233303 0.00133177926020987 0.00115787318839054 -0.0012967477925583 0.00948547784857444 0.000846349788285 -0.00438227207757225 0.00448533810539821 -0.00049234079175497 0.00489360594094706 0.00353466022465672 0.00333551947296857 -0.00183695631157843 0.00388628765241226 0.00151579639186181 0.0028824673088857 0.00168498343512255 0.00479680085368847 0.00563072585329607 0.00523779517019183 0.00620896806149825 0.00402423876340317 -0.000100756299596197 -0.0014343137181709 0.00458986037374522 0.00554353495481645 0.00432239890885038 0.00543275201829949 -0.00121208323711717 6.16205657950131e-05 0.00155375148674517 0.00178452067425373 0.00723606093899317 0.00684483578401575 0.00649429243960437 0.00194293041831245 0.0013044921076221 -0.00104902418831955 0.00905540677678912 0.00261664082904706 -0.00535762931704107 0.00455790684199279
