0.0369156345569429 0.0182631306545856 0.0203836483929121 0.0146051461571016 0.0274361905587697 0.0258594117591144 0.0237825184212259 0.027614292291059 0.0113127153994609 0.0208162490969635 0.0254201954835121 0.0256135759158342 0.0114926953099814 0.0308829174302498 0.030668789553247 0.00154885373895645 0.0331230726616603 0.0304897109263488 0.0323662382485093 0.0219946304728044 0.0178644217262374 0.00995536357272638 0.0257393980028114 0.00859028757602861 0.0133787255479668 0.02161214481227 0.0153304445886122 0.0140209615707816 0.0285362635960875 0.0226022479173904 0 0.0417883753105507 0.0310823869982583 0.0305976760231838 0 0 0 0 0 0 0 0 0 0 0 0 0 0 0 0.000664974775311645 0 0 0 0 0 0 0 0 0 0 0 0 0 0 0 0 0 0
0.0182631306545856 0.00903524875867891 0.010084324386803 0.00722554808275123 0.0135734015912962 0.0127933278480949 0.0117658343527037 0.01366151317994 0.00559669641002117 0.0102983432780988 0.0125760360603952 0.0126717064218539 0.00568573718259591 0.0152785875901286 0.0151726529247374 0.000766258484755884 0.0163868510175037 0.0150840580407611 0.0160124252237403 0.0108813193879829 0.00883799701591556 0.00492517893366155 0.012733953901581 0.00424984010824669 0.00661880570676539 0.010692093720439 0.0075843722009663 0.00693653667730187 0.0141176365164505 0.0111819236417541 0 0.0206738030457588 0.0153772704063899 0.0151374712000714 0 0 0 0 0 0 0 0 0 0 0 0 0 0 0 0.000328980426566612 0 0 0 0 0 0 0 0 0 0 0 0 0 0 0 0 0 0
0.0203836483929121 0.010084324386803 0.011255207361124 0.00806450078852722 0.0151493985760489 0.0142787510839682 0.0131319561268397 0.01524774073196 0.00624652442899219 0.0114940758175854 0.0140362297176752 0.0141430082895685 0.00634590365564963 0.0170525723802614 0.0169343377241778 0.000855228154841449 0.0182895154026596 0.0168354561578933 0.0178716153244278 0.0121447408251406 0.00986416989930453 0.00549703758652833 0.0142124832752158 0.00474328570117551 0.00738731003240293 0.0119335443141436 0.00846498769293187 0.00774193249606736 0.015756824190381 0.0124802480024244 0 0.0230742220596912 0.0171627131807154 0.0168950710771275 0 0 0 0 0 0 0 0 0 0 0 0 0 0 0 0.000367178085187729 0 0 0 0 0 0 0 0 0 0 0 0 0 0 0 0 0 0
0.0146051461571016 0.00722554808275123 0.00806450078852722 0.0057783185046234 0.0108547388637413 0.0102309087412803 0.00940921540953537 0.0109252022828898 0.0044757150683123 0.00823565310884263 0.0100571390641032 0.0101336472837744 0.00454692156198477 0.0122183873645934 0.0121336707133027 0.000612781969074339 0.0131046729441864 0.0120628207996861 0.0128052421649662 0.00870186295270744 0.00706780456181341 0.00393869810912968 0.0101834270042682 0.00339862519187917 0.00529310262085293 0.00855053793711048 0.00606527252090584 0.0055471941756411 0.0112899671264096 0.00894225815902832 0 0.0165329767835081 0.0122973046642585 0.0121055356558186 0 0 0 0 0 0 0 0 0 0 0 0 0 0 0 0.000263087819044025 0 0 0 0 0 0 0 0 0 0 0 0 0 0 0 0 0 0
0.0274361905587697 0.0135734015912962 0.0151493985760489 0.0108547388637413 0.0203909417083431 0.0192190587342163 0.0176754839840477 0.020523309284428 0.00840776053728601 0.0154709131726328 0.0188926273568726 0.0190363502660195 0.00854152400041094 0.0229525949586508 0.0227934522726885 0.00115112869762874 0.0246175081193713 0.0226603586555382 0.0240550187180686 0.0163467018829313 0.0132770758131555 0.00739895860768251 0.0191298629144201 0.00638441597223543 0.0099432467563655 0.0160624334531897 0.0113937903040791 0.0104205651098797 0.0212085306199969 0.0167982912486993 0 0.0310576762914136 0.0231008433944217 0.0227405997513777 0 0 0 0 0 0 0 0 0 0 0 0 0 0 0 0.000494218096781814 0 0 0 0 0 0 0 0 0 0 0 0 0 0 0 0 0 0
0.0258594117591144 0.0127933278480949 0.0142787510839682 0.0102309087412803 0.0192190587342163 0.0181145247685213 0.016659660436679 0.019343819044734 0.00792456012579401 0.0145817879914361 0.0178068536514345 0.0179423166953613 0.00805063610065879 0.0216334918182075 0.021483495183801 0.00108497245329854 0.0232027211495907 0.0213580505583517 0.022672558443246 0.0154072444565048 0.0125140321384604 0.00697373481259587 0.0180304551005271 0.00601749871629796 0.00937180078059878 0.0151393131502594 0.0107389804841551 0.00982168728423955 0.019989660187463 0.0158328806369511 0 0.029272767944245 0.0217732203032911 0.0214336801372057 0 0 0 0 0 0 0 0 0 0 0 0 0 0 0 0.000465815005771702 0 0 0 0 0 0 0 0 0 0 0 0 0 0 0 0 0 0
0.0237825184212259 0.0117658343527037 0.0131319561268397 0.00940921540953537 0.0176754839840477 0.016659660436679 0.0153216432344807 0.017790224195881 0.0072881007088408 0.0134106546873986 0.0163766998620937 0.0165012832195032 0.00740405091770968 0.0198960023713849 0.0197580526858265 0.000997833113817855 0.0213391993717032 0.0196426831196747 0.0208516165740997 0.0141698147862163 0.0115089702205561 0.00641364073515124 0.0165823428067823 0.00553420454429394 0.00861910652805516 0.0139234023277366 0.00987648147485738 0.00903286048966746 0.0183841947400378 0.0145612660843548 0 0.0269217316062458 0.0200245085919218 0.0197122385244549 0 0 0 0 0 0 0 0 0 0 0 0 0 0 0 0.000428403169370018 0 0 0 0 0 0 0 0 0 0 0 0 0 0 0 0 0 0
0.027614292291059 0.01366151317994 0.01524774073196 0.0109252022828898 0.020523309284428 0.019343819044734 0.017790224195881 0.0206565361231919 0.00846233942327083 0.015571342437047 0.0190152686416585 0.0191599245265052 0.00859697121046023 0.023101591478919 0.0229414157199435 0.001158601237036 0.0247773124052949 0.0228074581270266 0.0242111716101679 0.0164528163202229 0.0133632638062369 0.00744698886692505 0.0192540442112448 0.00642586033900622 0.0100077932344232 0.0161667025650646 0.0114677529697834 0.0104882100948323 0.0213462055655999 0.0169073371734419 0 0.031259286858906 0.0232508022677965 0.0228882201070661 0 0 0 0 0 0 0 0 0 0 0 0 0 0 0 0.000497426308176069 0 0 0 0 0 0 0 0 0 0 0 0 0 0 0 0 0 0
0.0113127153994609 0.00559669641002117 0.00624652442899219 0.0044757150683123 0.00840776053728601 0.00792456012579401 0.0072881007088408 0.00846233942327083 0.00346675686995958 0.00637909396776015 0.00778996325960616 0.00784922426977003 0.00352191131955189 0.0094640024419615 0.00939838342279261 0.000474642837770475 0.0101504931087945 0.00934350516959339 0.00991856285963984 0.00674020636083985 0.00547451293172639 0.00305079937398048 0.00788778217289219 0.0026324748230248 0.00409988115735043 0.00662299446745287 0.00469798118492743 0.00429669298064926 0.00874487551144692 0.00692640939662258 0 0.0128059561366854 0.00952512945442697 0.00937659083717647 0 0 0 0 0 0 0 0 0 0 0 0 0 0 0 0.000203780064225017 0 0 0 0 0 0 0 0 0 0 0 0 0 0 0 0 0 0
0.0208162490969635 0.0102983432780988 0.0114940758175854 0.00823565310884263 0.0154709131726328 0.0145817879914361 0.0134106546873986 0.015571342437047 0.00637909396776015 0.0117380137621212 0.014334119611626 0.0144431643374721 0.00648058231259857 0.0174144778976346 0.0172937339559472 0.00087337860047206 0.0186776724728484 0.017192753833292 0.0182509033313075 0.0124024877863423 0.0100735164677435 0.0056137008199344 0.0145141137857439 0.00484395211252115 0.00754409038199801 0.0121868090669797 0.00864463951802039 0.00790623897270783 0.0160912301370978 0.0127451154083232 0 0.0235639246151932 0.0175269562083764 0.0172536339556702 0 0 0 0 0 0 0 0 0 0 0 0 0 0 0 0.000374970679285835 0 0 0 0 0 0 0 0 0 0 0 0 0 0 0 0 0 0
0.0254201954835121 0.0125760360603952 0.0140362297176752 0.0100571390641032 0.0188926273568726 0.0178068536514345 0.0163766998620937 0.0190152686416585 0.00778996325960616 0.014334119611626 0.0175044082588697 0.0176375704935519 0.00791389786247691 0.0212660518395576 0.0211186028641517 0.00106654444091729 0.0228086281647195 0.0209952888873691 0.0222874701523529 0.0151455558848343 0.0123014841253879 0.00685528749987433 0.0177242118877875 0.00591529285797318 0.00921262285834419 0.0148821753313881 0.0105565813230313 0.00965486814120185 0.019650140318261 0.0155639627307668 0 0.0287755765837914 0.0214034070678408 0.021069633914886 0 0 0 0 0 0 0 0 0 0 0 0 0 0 0 0.000457903242972898 0 0 0 0 0 0 0 0 0 0 0 0 0 0 0 0 0 0
0.0256135759158342 0.0126717064218539 0.0141430082895685 0.0101336472837744 0.0190363502660195 0.0179423166953613 0.0165012832195032 0.0191599245265052 0.00784922426977003 0.0144431643374721 0.0176375704935519 0.017771745740527 0.0079741016870695 0.0214278302295462 0.0212792595575496 0.00107465802231005 0.0229821414792819 0.0211550074876607 0.0224570188332914 0.0152607734938675 0.0123950658730151 0.0069074381004186 0.0178590462465418 0.00596029258627695 0.0092827065440626 0.0149953893112469 0.0106368889768971 0.00972831614345539 0.0197996258968593 0.0156823633089006 0 0.0289944825888102 0.02156623036771 0.0212299180841392 0 0 0 0 0 0 0 0 0 0 0 0 0 0 0 0.000461386675157564 0 0 0 0 0 0 0 0 0 0 0 0 0 0 0 0 0 0
0.0114926953099814 0.00568573718259591 0.00634590365564963 0.00454692156198477 0.00854152400041094 0.00805063610065879 0.00740405091770968 0.00859697121046023 0.00352191131955189 0.00648058231259857 0.00791389786247691 0.0079741016870695 0.00357794325015136 0.00961457021039942 0.00954790722390868 0.000482194179111141 0.0103119826165697 0.00949215588385528 0.0100763624676858 0.00684743983175095 0.00556160982339242 0.00309933613805139 0.00801327302805416 0.00267435624285774 0.00416510831261678 0.00672836315300177 0.00477272382658627 0.00436505131822648 0.00888400231314638 0.00703660526909118 0 0.0130096927956771 0.00967666972450092 0.00952576792864143 0 0 0 0 0 0 0 0 0 0 0 0 0 0 0 0.000207022107928055 0 0 0 0 0 0 0 0 0 0 0 0 0 0 0 0 0 0
0.0308829174302498 0.0152785875901286 0.0170525723802614 0.0122183873645934 0.0229525949586508 0.0216334918182075 0.0198960023713849 0.023101591478919 0.0094640024419615 0.0174144778976346 0.0212660518395576 0.0214278302295462 0.00961457021039942 0.0258360610741351 0.0256569257667143 0.00129574156602787 0.0277101323144893 0.0255071119950049 0.027076979045685 0.0184002893341223 0.0149450352874075 0.00832846773175139 0.0215330905933367 0.00718647112792749 0.0111923872196347 0.0180803091085537 0.012825158231232 0.011729669655691 0.0238728951292012 0.0189086105263636 0 0.034959359624967 0.0260029335191733 0.0255974335406297 0 0 0 0 0 0 0 0 0 0 0 0 0 0 0 0.000556305243716475 0 0 0 0 0 0 0 0 0 0 0 0 0 0 0 0 0 0
0.030668789553247 0.0151726529247374 0.0169343377241778 0.0121336707133027 0.0227934522726885 0.021483495183801 0.0197580526858265 0.0229414157199435 0.00939838342279261 0.0172937339559472 0.0211186028641517 0.0212792595575496 0.00954790722390868 0.0256569257667143 0.0254790325007282 0.00128675749283257 0.0275180030631849 0.0253302574684758 0.0268892397865364 0.0182727102315246 0.0148414133195331 0.00827072198547874 0.0213837900946233 0.00713664345833505 0.0111147843791859 0.017954948600962 0.0127362345111696 0.0116483415471343 0.0237073715071706 0.0187775069595381 0 0.034716967581703 0.0258226411953382 0.0254199527662451 0 0 0 0 0 0 0 0 0 0 0 0 0 0 0 0.000552448080251541 0 0 0 0 0 0 0 0 0 0 0 0 0 0 0 0 0 0
0.00154885373895645 0.000766258484755884 0.000855228154841449 0.000612781969074339 0.00115112869762874 0.00108497245329854 0.000997833113817855 0.001158601237036 0.000474642837770475 0.00087337860047206 0.00106654444091729 0.00107465802231005 0.000482194179111141 0.00129574156602787 0.00128675749283257 6.49846043138976e-05 0.0013897308160477 0.00127924396626944 0.00135797663317508 0.000922819451802205 0.000749530022091243 0.000417692998572284 0.00107993708664679 0.00036041907962654 0.000561325555855665 0.000906771661955814 0.00064321301004078 0.000588271582306728 0.00119728399896445 0.000948313001139695 0 0.00175329727150766 0.00130411062672332 0.00128377381238793 0 0 0 0 0 0 0 0 0 0 0 0 0 0 0 2.79000667173811e-05 0 0 0 0 0 0 0 0 0 0 0 0 0 0 0 0 0 0
0.0331230726616603 0.0163868510175037 0.0182895154026596 0.0131046729441864 0.0246175081193713 0.0232027211495907 0.0213391993717032 0.0247773124052949 0.0101504931087945 0.0186776724728484 0.0228086281647195 0.0229821414792819 0.0103119826165697 0.0277101323144893 0.0275180030631849 0.0013897308160477 0.0297201431241085 0.0273573222448246 0.0290410627951228 0.0197349917470144 0.016029103820062 0.00893259007871081 0.0230950371176586 0.00770775642841657 0.0120042497918371 0.019391801104947 0.0137554571698039 0.012580505102221 0.0256045641346758 0.0202801850508562 0 0.0374952078824222 0.0278891091917455 0.0274541954474746 0 0 0 0 0 0 0 0 0 0 0 0 0 0 0 0.000596657976089871 0 0 0 0 0 0 0 0 0 0 0 0 0 0 0 0 0 0
0.0304897109263488 0.0150840580407611 0.0168354561578933 0.0120628207996861 0.0226603586555382 0.0213580505583517 0.0196426831196747 0.0228074581270266 0.00934350516959339 0.017192753833292 0.0209952888873691 0.0211550074876607 0.00949215588385528 0.0255071119950049 0.0253302574684758 0.00127924396626944 0.0273573222448246 0.0251823511509292 0.0267322303900309 0.0181660137526078 0.0147547525821122 0.00822242827848242 0.0212589276587787 0.00709497176767501 0.0110498838613014 0.0178501075691402 0.0126618661575 0.0115803255269297 0.0235689414093834 0.0186678629138529 0 0.0345142511727685 0.0256718597919797 0.0252715227074294 0 0 0 0 0 0 0 0 0 0 0 0 0 0 0 0.00054922227169877 0 0 0 0 0 0 0 0 0 0 0 0 0 0 0 0 0 0
0.0323662382485093 0.0160124252237403 0.0178716153244278 0.0128052421649662 0.0240550187180686 0.022672558443246 0.0208516165740997 0.0242111716101679 0.00991856285963984 0.0182509033313075 0.0222874701523529 0.0224570188332914 0.0100763624676858 0.027076979045685 0.0268892397865364 0.00135797663317508 0.0290410627951228 0.0267322303900309 0.0283774988817643 0.0192840637473702 0.0156628522495356 0.00872848789171882 0.0225673349010742 0.00753164066244285 0.0117299627581634 0.0189487147234655 0.013441156517172 0.0122930511183035 0.0250195213317693 0.0198167998417501 0 0.0366384738486103 0.0272518664514949 0.0268268901212971 0 0 0 0 0 0 0 0 0 0 0 0 0 0 0 0.000583024842056731 0 0 0 0 0 0 0 0 0 0 0 0 0 0 0 0 0 0
0.0219946304728044 0.0108813193879829 0.0121447408251406 0.00870186295270744 0.0163467018829313 0.0154072444565048 0.0141698147862163 0.0164528163202229 0.00674020636083985 0.0124024877863423 0.0151455558848343 0.0152607734938675 0.00684743983175095 0.0184002893341223 0.0182727102315246 0.000922819451802205 0.0197349917470144 0.0181660137526078 0.0192840637473702 0.0131045768396315 0.0106437654179517 0.00593148528076304 0.0153357393001335 0.0051181620784123 0.00797115173980543 0.0128766888223844 0.00913400156213521 0.00835380110145586 0.0170021342014949 0.0134666001753508 0 0.0248978484061183 0.0185191348989236 0.018230340221253 0 0 0 0 0 0 0 0 0 0 0 0 0 0 0 0.000396197292346557 0 0 0 0 0 0 0 0 0 0 0 0 0 0 0 0 0 0
0.0178644217262374 0.00883799701591556 0.00986416989930453 0.00706780456181341 0.0132770758131555 0.0125140321384604 0.0115089702205561 0.0133632638062369 0.00547451293172639 0.0100735164677435 0.0123014841253879 0.0123950658730151 0.00556160982339242 0.0149450352874075 0.0148414133195331 0.000749530022091243 0.016029103820062 0.0147547525821122 0.0156628522495356 0.0106437654179517 0.00864505154640072 0.00481765559323853 0.0124559544057794 0.00415706033093154 0.00647430819534741 0.0104586708035415 0.0074187950625428 0.00678510266758239 0.0138094293512748 0.0109378070728922 0 0.020222465867421 0.0150415637238605 0.0148069996596641 0 0 0 0 0 0 0 0 0 0 0 0 0 0 0 0.000321798337372558 0 0 0 0 0 0 0 0 0 0 0 0 0 0 0 0 0 0
0.00995536357272638 0.00492517893366155 0.00549703758652833 0.00393869810912968 0.00739895860768251 0.00697373481259587 0.00641364073515124 0.00744698886692505 0.00305079937398048 0.0056137008199344 0.00685528749987433 0.0069074381004186 0.00309933613805139 0.00832846773175139 0.00827072198547874 0.000417692998572284 0.00893259007871081 0.00822242827848242 0.00872848789171882 0.00593148528076304 0.00481765559323853 0.00268475037892928 0.00694136964829449 0.00231661833908677 0.0036079584861066 0.00582833701153579 0.00413429571082548 0.00378115591812583 0.00769562497071521 0.00609534681657529 0 0.0112694383917026 0.00838226044302541 0.00825154417490562 0 0 0 0 0 0 0 0 0 0 0 0 0 0 0 0.000179329591225309 0 0 0 0 0 0 0 0 0 0 0 0 0 0 0 0 0 0
0.0257393980028114 0.012733953901581 0.0142124832752158 0.0101834270042682 0.0191298629144201 0.0180304551005271 0.0165823428067823 0.0192540442112448 0.00788778217289219 0.0145141137857439 0.0177242118877875 0.0178590462465418 0.00801327302805416 0.0215330905933367 0.0213837900946233 0.00107993708664679 0.0230950371176586 0.0212589276587787 0.0225673349010742 0.0153357393001335 0.0124559544057794 0.00694136964829449 0.0179467756005979 0.00598957145208876 0.00932830617115134 0.0150690514654255 0.0106891407817375 0.00977610474759118 0.0198968879995777 0.0157594000993411 0 0.0291369127720121 0.0216721705972981 0.0213342062400952 0 0 0 0 0 0 0 0 0 0 0 0 0 0 0 0.000463653154252969 0 0 0 0 0 0 0 0 0 0 0 0 0 0 0 0 0 0
0.00859028757602861 0.00424984010824669 0.00474328570117551 0.00339862519187917 0.00638441597223543 0.00601749871629796 0.00553420454429394 0.00642586033900622 0.0026324748230248 0.00484395211252115 0.00591529285797318 0.00596029258627695 0.00267435624285774 0.00718647112792749 0.00713664345833505 0.00036041907962654 0.00770775642841657 0.00709497176767501 0.00753164066244285 0.0051181620784123 0.00415706033093154 0.00231661833908677 0.00598957145208876 0.001998964436736 0.0031132364711358 0.00502915746404952 0.00356740251833981 0.00326268513140883 0.00664040354656843 0.00525955497732492 0 0.00972417691205934 0.00723288780130786 0.00712009530248938 0 0 0 0 0 0 0 0 0 0 0 0 0 0 0 0.000154739979937787 0 0 0 0 0 0 0 0 0 0 0 0 0 0 0 0 0 0
0.0133787255479668 0.00661880570676539 0.00738731003240293 0.00529310262085293 0.0099432467563655 0.00937180078059878 0.00861910652805516 0.0100077932344232 0.00409988115735043 0.00754409038199801 0.00921262285834419 0.0092827065440626 0.00416510831261678 0.0111923872196347 0.0111147843791859 0.000561325555855665 0.0120042497918371 0.0110498838613014 0.0117299627581634 0.00797115173980543 0.00647430819534741 0.0036079584861066 0.00932830617115134 0.0031132364711358 0.00484863119477803 0.00783253376019494 0.00555596058799917 0.00508138622091751 0.0103419281125343 0.00819136052469665 0 0.0151446727405676 0.011264677690531 0.0110890118735014 0 0 0 0 0 0 0 0 0 0 0 0 0 0 0 0.000240995857771112 0 0 0 0 0 0 0 0 0 0 0 0 0 0 0 0 0 0
0.02161214481227 0.010692093720439 0.0119335443141436 0.00855053793711048 0.0160624334531897 0.0151393131502594 0.0139234023277366 0.0161667025650646 0.00662299446745287 0.0121868090669797 0.0148821753313881 0.0149953893112469 0.00672836315300177 0.0180803091085537 0.017954948600962 0.000906771661955814 0.019391801104947 0.0178501075691402 0.0189487147234655 0.0128766888223844 0.0104586708035415 0.00582833701153579 0.0150690514654255 0.00502915746404952 0.00783253376019494 0.0126527637677755 0.00897516167504843 0.0082085288662067 0.016706467832442 0.0132324165881525 0 0.0244648759128875 0.0181970879541886 0.0179133154033132 0 0 0 0 0 0 0 0 0 0 0 0 0 0 0 0.000389307438786502 0 0 0 0 0 0 0 0 0 0 0 0 0 0 0 0 0 0
0.0153304445886122 0.0075843722009663 0.00846498769293187 0.00606527252090584 0.0113937903040791 0.0107389804841551 0.00987648147485738 0.0114677529697834 0.00469798118492743 0.00864463951802039 0.0105565813230313 0.0106368889768971 0.00477272382658627 0.012825158231232 0.0127362345111696 0.00064321301004078 0.0137554571698039 0.0126618661575 0.013441156517172 0.00913400156213521 0.0074187950625428 0.00413429571082548 0.0106891407817375 0.00356740251833981 0.00555596058799917 0.00897516167504843 0.0063664768086807 0.00582267044897652 0.0118506322070948 0.00938633490753473 0 0.0173540121911853 0.0129079946011379 0.0127067022534902 0 0 0 0 0 0 0 0 0 0 0 0 0 0 0 0.00027615288394989 0 0 0 0 0 0 0 0 0 0 0 0 0 0 0 0 0 0
0.0140209615707816 0.00693653667730187 0.00774193249606736 0.0055471941756411 0.0104205651098797 0.00982168728423955 0.00903286048966746 0.0104882100948323 0.00429669298064926 0.00790623897270783 0.00965486814120185 0.00972831614345539 0.00436505131822648 0.011729669655691 0.0116483415471343 0.000588271582306728 0.012580505102221 0.0115803255269297 0.0122930511183035 0.00835380110145586 0.00678510266758239 0.00378115591812583 0.00977610474759118 0.00326268513140883 0.00508138622091751 0.0082085288662067 0.00582267044897652 0.00532531448338223 0.0108383848755807 0.00858458084945491 0 0.0158716817783763 0.0118054303782454 0.0116213318509948 0 0 0 0 0 0 0 0 0 0 0 0 0 0 0 0.000252564689245742 0 0 0 0 0 0 0 0 0 0 0 0 0 0 0 0 0 0
0.0285362635960875 0.0141176365164505 0.015756824190381 0.0112899671264096 0.0212085306199969 0.019989660187463 0.0183841947400378 0.0213462055655999 0.00874487551144692 0.0160912301370978 0.019650140318261 0.0197996258968593 0.00888400231314638 0.0238728951292012 0.0237073715071706 0.00119728399896445 0.0256045641346758 0.0235689414093834 0.0250195213317693 0.0170021342014949 0.0138094293512748 0.00769562497071521 0.0198968879995777 0.00664040354656843 0.0103419281125343 0.016706467832442 0.0118506322070948 0.0108383848755807 0.0220589013245672 0.0174718303552354 0 0.0323029553040646 0.0240270876885437 0.0236523998274612 0 0 0 0 0 0 0 0 0 0 0 0 0 0 0 0.000514034113209446 0 0 0 0 0 0 0 0 0 0 0 0 0 0 0 0 0 0
0.0226022479173904 0.0111819236417541 0.0124802480024244 0.00894225815902832 0.0167982912486993 0.0158328806369511 0.0145612660843548 0.0169073371734419 0.00692640939662258 0.0127451154083232 0.0155639627307668 0.0156823633089006 0.00703660526909118 0.0189086105263636 0.0187775069595381 0.000948313001139695 0.0202801850508562 0.0186678629138529 0.0198167998417501 0.0134666001753508 0.0109378070728922 0.00609534681657529 0.0157594000993411 0.00525955497732492 0.00819136052469665 0.0132324165881525 0.00938633490753473 0.00858458084945491 0.0174718303552354 0.0138386246654156 0 0.0255856693287257 0.019030739285146 0.0187339664473388 0 0 0 0 0 0 0 0 0 0 0 0 0 0 0 0.000407142526758435 0 0 0 0 0 0 0 0 0 0 0 0 0 0 0 0 0 0
0 0 0 0 0 0 0 0 0 0 0 0 0 0 0 0 0 0 0 0 0 0 0 0 0 0 0 0 0 0 0.000724767378638628 0 0 0 0.00424671411114712 0.000572883201631204 0.00183022565935797 0.00199016349327257 0.00543566424396669 0.00348828013912926 0.00311437949784024 0.00339135280443041 0.000936770206968988 0.00313775237719119 0.003575611818111 0.00326973726758478 0.00145972687095968 0.00416457957508666 0.0046075286603162 0 0.00390870937022863 0.00475973251770862 0.00400123275290521 0.00261665760903208 0.00216147943607158 0.000770577170255415 0.00245496339718227 0.000970340784947542 0.00130000074602129 0.00283973553813043 0.00114215239173649 0.0016609460240451 0.0030341499642646 0.00259538645675412 0.00202913635516572 0.00569268963112481 0.00406442062228272 0.00418700436157771
0.0417883753105507 0.0206738030457588 0.0230742220596912 0.0165329767835081 0.0310576762914136 0.029272767944245 0.0269217316062458 0.031259286858906 0.0128059561366854 0.0235639246151932 0.0287755765837914 0.0289944825888102 0.0130096927956771 0.034959359624967 0.034716967581703 0.00175329727150766 0.0374952078824222 0.0345142511727685 0.0366384738486103 0.0248978484061183 0.020222465867421 0.0112694383917026 0.0291369127720121 0.00972417691205934 0.0151446727405676 0.0244648759128875 0.0173540121911853 0.0158716817783763 0.0323029553040646 0.0255856693287257 0 0.0473043016070006 0.0351851585112929 0.0346364673026314 0 0 0 0 0 0 0 0 0 0 0 0 0 0 0 0.000752749229866505 0 0 0 0 0 0 0 0 0 0 0 0 0 0 0 0 0 0
0.0310823869982583 0.0153772704063899 0.0171627131807154 0.0122973046642585 0.0231008433944217 0.0217732203032911 0.0200245085919218 0.0232508022677965 0.00952512945442697 0.0175269562083764 0.0214034070678408 0.02156623036771 0.00967666972450092 0.0260029335191733 0.0258226411953382 0.00130411062672332 0.0278891091917455 0.0256718597919797 0.0272518664514949 0.0185191348989236 0.0150415637238605 0.00838226044302541 0.0216721705972981 0.00723288780130786 0.011264677690531 0.0181970879541886 0.0129079946011379 0.0118054303782454 0.0240270876885437 0.019030739285146 0 0.0351851585112929 0.0261708837760665 0.0257627647151214 0 0 0 0 0 0 0 0 0 0 0 0 0 0 0 0.000559898361720808 0 0 0 0 0 0 0 0 0 0 0 0 0 0 0 0 0 0
0.0305976760231838 0.0151374712000714 0.0168950710771275 0.0121055356558186 0.0227405997513777 0.0214336801372057 0.0197122385244549 0.0228882201070661 0.00937659083717647 0.0172536339556702 0.021069633914886 0.0212299180841392 0.00952576792864143 0.0255974335406297 0.0254199527662451 0.00128377381238793 0.0274541954474746 0.0252715227074294 0.0268268901212971 0.018230340221253 0.0148069996596641 0.00825154417490562 0.0213342062400952 0.00712009530248938 0.0110890118735014 0.0179133154033132 0.0127067022534902 0.0116213318509948 0.0236523998274612 0.0187339664473388 0 0.0346364673026314 0.0257627647151214 0.0253610100234248 0 0 0 0 0 0 0 0 0 0 0 0 0 0 0 0.000551167086324632 0 0 0 0 0 0 0 0 0 0 0 0 0 0 0 0 0 0
0 0 0 0 0 0 0 0 0 0 0 0 0 0 0 0 0 0 0 0 0 0 0 0 0 0 0 0 0 0 0.00424671411114712 0 0 0 0.0248832677537053 0.00335676142181809 0.0107240548667884 0.0116611972882192 0.031849822065213 0.0204392870417263 0.0182484473649854 0.0198713493942088 0.00548892703243609 0.018385398805521 0.0209509997435018 0.0191587532817469 0.00855314806382309 0.0244020072781639 0.0269974305632148 0 0.0229027571165 0.0278892563931432 0.0234448901738152 0.0153320873977381 0.0126650087913191 0.00451513277101166 0.0143846536260317 0.00568563103902187 0.00761724613351154 0.0166391939498665 0.00669234684400197 0.00973217493786097 0.0177783490928937 0.0152074508519973 0.0118895555276094 0.0333558409213841 0.0238151342334235 0.0245334034475251
0 0 0 0 0 0 0 0 0 0 0 0 0 0 0 0 0 0 0 0 0 0 0 0 0 0 0 0 0 0 0.000572883201631204 0 0 0 0.00335676142181809 0.000452828276194889 0.00144667870870519 0.00157309954531495 0.00429655200669365 0.00275726688754201 0.00246172185780301 0.00268065190256275 0.000740458154130996 0.00248019665447372 0.00282629710790439 0.00258452244065583 0.00115382263052907 0.00329183921730167 0.00364196271566132 0 0.00308958985222064 0.00376227032841201 0.00316272378906128 0.00206830389007116 0.00170851406408856 0.000609092971635999 0.00194049474675161 0.000766993592617602 0.00102756913660012 0.00224463301580412 0.000902799902718837 0.00131287376341204 0.00239830543839058 0.00205149037696538 0.00160390515074936 0.00449971447100354 0.0032126698406913 0.00330956460597054
0 0 0 0 0 0 0 0 0 0 0 0 0 0 0 0 0 0 0 0 0 0 0 0 0 0 0 0 0 0 0.00183022565935797 0 0 0 0.0107240548667884 0.00144667870870519 0.0046217946101055 0.00502567913383018 0.0137264624045984 0.00880881232493552 0.00786461620366008 0.00856404565870914 0.00236558780134001 0.0079236387877084 0.00902934747105015 0.00825693487713731 0.00368618904993076 0.0105166438548583 0.0116352052105019 0 0.00987050520651575 0.0120195594370623 0.0101041507513571 0.00660773930912891 0.0054582963343405 0.00194590726774433 0.00619941947545612 0.00245036222003865 0.00328283914629522 0.00717106895379246 0.00288423110071498 0.00419431961428227 0.00766201581722398 0.00655402413119643 0.00512409572094179 0.0143755181879406 0.0102637165145295 0.0105732722584692
0 0 0 0 0 0 0 0 0 0 0 0 0 0 0 0 0 0 0 0 0 0 0 0 0 0 0 0 0 0 0.00199016349327257 0 0 0 0.0116611972882192 0.00157309954531495 0.00502567913383018 0.00546485789329343 0.0149259760564133 0.00957858754659026 0.00855188100827677 0.00931243146851153 0.00257230929873933 0.00861606139578855 0.00981839458597732 0.00897848321314226 0.00400831385953073 0.0114356612610439 0.0126519702793363 0 0.0107330585284524 0.013069912048579 0.0109871216442937 0.00718516947833832 0.00593528019046494 0.00211595416431712 0.00674116782072864 0.00266449189512836 0.00356971643897437 0.00779772678117981 0.00313627525297505 0.00456084840291765 0.0083315759924737 0.00712676029496289 0.00557187480555261 0.0156317508435279 0.0111606313724619 0.0114972382479976
0 0 0 0 0 0 0 0 0 0 0 0 0 0 0 0 0 0 0 0 0 0 0 0 0 0 0 0 0 0 0.00543566424396669 0 0 0 0.031849822065213 0.00429655200669365 0.0137264624045984 0.0149259760564133 0.0407667986225274 0.0261616626024475 0.023357454788254 0.0254347197749776 0.00702565880986413 0.023532748445655 0.0268166392181145 0.0245226185344604 0.0109477680595075 0.031233823368228 0.0345558858332944 0 0.0293148289920522 0.0356973956332744 0.0300087427328867 0.0196246031807274 0.0162108240947496 0.00577923192327182 0.0184119169151572 0.00727743392522608 0.00974984219840453 0.0212976596103582 0.00856599938118712 0.0124568864164652 0.0227557433704659 0.0194650722122083 0.015218267622123 0.0426944567207593 0.0304826438111512 0.0314020064483454
0 0 0 0 0 0 0 0 0 0 0 0 0 0 0 0 0 0 0 0 0 0 0 0 0 0 0 0 0 0 0.00348828013912926 0 0 0 0.0204392870417263 0.00275726688754201 0.00880881232493552 0.00957858754659026 0.0261616626024475 0.0167889707617632 0.0149894000036724 0.0163224628772557 0.00450864236472103 0.0151018928575689 0.0172092950896613 0.0157371315360673 0.00702561456627151 0.0200439763816157 0.022175874894424 0 0.0188124820013392 0.0229084267565651 0.0192577938182176 0.0125938818957788 0.0104031252098395 0.00370876106995516 0.0118156532883223 0.0046702163867771 0.00625685829254234 0.013667548195459 0.00549713966353873 0.00799407533866268 0.014603258054142 0.0124915045810506 0.0097661625728866 0.0273987168348824 0.019561914831773 0.0201519060976135
0 0 0 0 0 0 0 0 0 0 0 0 0 0 0 0 0 0 0 0 0 0 0 0 0 0 0 0 0 0 0.00311437949784024 0 0 0 0.0182484473649854 0.00246172185780301 0.00786461620366008 0.00855188100827677 0.023357454788254 0.0149894000036724 0.0133827210529074 0.0145728960151328 0.00402537146781055 0.0134831560592301 0.0153646707437043 0.014050304980086 0.00627255526856439 0.0178955091358231 0.019798894401613 0 0.0167960157761539 0.0204529257321146 0.0171935956542936 0.0112439729637727 0.00928803839564234 0.00331122759009246 0.0105491608721326 0.00416962674594329 0.00558620019321318 0.0122025554680095 0.00490791403845304 0.00713720898148277 0.0130379687615465 0.0111525692354836 0.00871935030343206 0.02446191205245 0.0174651186431885 0.0179918701163937
0 0 0 0 0 0 0 0 0 0 0 0 0 0 0 0 0 0 0 0 0 0 0 0 0 0 0 0 0 0 0.00339135280443041 0 0 0 0.0198713493942088 0.00268065190256275 0.00856404565870914 0.00931243146851153 0.0254347197749776 0.0163224628772557 0.0145728960151328 0.0158689176459922 0.00438336266524374 0.0146822630786495 0.0167311078344648 0.0152998506541548 0.00683039684654443 0.0194870230607962 0.0215596834297476 0 0.0182897476833566 0.0222718801894617 0.0187226858129741 0.0122439411350076 0.0101140580595791 0.0036057073267901 0.0114873368299863 0.00454044709968361 0.00608300167160137 0.0132877739326085 0.0053443930162505 0.00777194741743678 0.0141974836252968 0.0121444085345382 0.00949479442850878 0.0266374005153632 0.0190183563471832 0.0195919537803576
0 0 0 0 0 0 0 0 0 0 0 0 0 0 0 0 0 0 0 0 0 0 0 0 0 0 0 0 0 0 0.000936770206968988 0 0 0 0.00548892703243609 0.000740458154130996 0.00236558780134001 0.00257230929873933 0.00702565880986413 0.00450864236472103 0.00402537146781055 0.00438336266524374 0.00121078631093062 0.00405558118429665 0.00462151956836717 0.00422617317937653 0.00188671383857758 0.00538276719603565 0.00595528400415497 0 0.00505205200130339 0.00615200924758245 0.00517163954193224 0.00338206017851438 0.00279373713327344 0.000995979891674542 0.00317306854235003 0.00125417667066247 0.00168026597747496 0.003670390978121 0.00147624515662783 0.00214679191774833 0.00392167386912192 0.00335456696854221 0.00262268217281983 0.00735786709106002 0.00525331059283672 0.00541175149155115
0 0 0 0 0 0 0 0 0 0 0 0 0 0 0 0 0 0 0 0 0 0 0 0 0 0 0 0 0 0 0.00313775237719119 0 0 0 0.018385398805521 0.00248019665447372 0.0079236387877084 0.00861606139578855 0.023532748445655 0.0151018928575689 0.0134831560592301 0.0146822630786495 0.00405558118429665 0.0135843448129003 0.0154799799395838 0.0141557500882918 0.00631962971071763 0.0180298118360064 0.0199474816789349 0 0.0169220669688826 0.020606421401426 0.0173226306152274 0.0113283570356849 0.0093577435169928 0.00333607778032151 0.0106283304994978 0.00420091907333596 0.00562812365926373 0.0122941335357835 0.00494474708425402 0.0071907725001684 0.0131358164615639 0.0112362673382276 0.00878478751903219 0.0246454944705503 0.0175961913371811 0.0181268959890659
0 0 0 0 0 0 0 0 0 0 0 0 0 0 0 0 0 0 0 0 0 0 0 0 0 0 0 0 0 0 0.003575611818111 0 0 0 0.0209509997435018 0.00282629710790439 0.00902934747105015 0.00981839458597732 0.0268166392181145 0.0172092950896613 0.0153646707437043 0.0167311078344648 0.00462151956836717 0.0154799799395838 0.0176401425486752 0.016131122289271 0.00720150603469704 0.02054579218799 0.022731064360343 0 0.0192834664330542 0.0234819562013592 0.019739926961357 0.0129091790642942 0.0106635751608172 0.0038016126524723 0.0121114669267856 0.00478713871583267 0.00641350337781205 0.0140097253956454 0.00563476462978751 0.00819421294039961 0.0149688614442385 0.0128042386576043 0.0100106656920976 0.0280846640202288 0.0200516618699174 0.0206564240044311
0 0 0 0 0 0 0 0 0 0 0 0 0 0 0 0 0 0 0 0 0 0 0 0 0 0 0 0 0 0 0.00326973726758478 0 0 0 0.0191587532817469 0.00258452244065583 0.00825693487713731 0.00897848321314226 0.0245226185344604 0.0157371315360673 0.014050304980086 0.0152998506541548 0.00422617317937653 0.0141557500882918 0.016131122289271 0.0147511906773655 0.00658545554221418 0.0187882090748358 0.0207865428496507 0 0.0176338685662158 0.0214731998922468 0.0180512813270232 0.0118048675380952 0.009751363090481 0.00347640493404495 0.0110753954260485 0.00437762449071593 0.00586486231642775 0.0128112679913255 0.00515274052143006 0.00749324165840374 0.0136883550584629 0.0117089042243788 0.00915430654999801 0.0256821705671208 0.0183363489741778 0.0188893769285065
0 0 0 0 0 0 0 0 0 0 0 0 0 0 0 0 0 0 0 0 0 0 0 0 0 0 0 0 0 0 0.00145972687095968 0 0 0 0.00855314806382309 0.00115382263052907 0.00368618904993076 0.00400831385953073 0.0109477680595075 0.00702561456627151 0.00627255526856439 0.00683039684654443 0.00188671383857758 0.00631962971071763 0.00720150603469704 0.00658545554221418 0.0029399812969013 0.00838772396658176 0.0092798511528123 0 0.00787238535654277 0.00958639924955027 0.00805873324120997 0.00527011222715325 0.00435335489269262 0.00155199065896528 0.00494444996244266 0.00195432708414195 0.00261828288243238 0.00571940514101832 0.00230036641560812 0.00334524926751866 0.00611096796558049 0.00522727079489297 0.00408680764308164 0.0114654332790132 0.00818599756569198 0.00843288889036463
0 0 0 0 0 0 0 0 0 0 0 0 0 0 0 0 0 0 0 0 0 0 0 0 0 0 0 0 0 0 0.00416457957508666 0 0 0 0.0244020072781639 0.00329183921730167 0.0105166438548583 0.0114356612610439 0.031233823368228 0.0200439763816157 0.0178955091358231 0.0194870230607962 0.00538276719603565 0.0180298118360064 0.02054579218799 0.0187882090748358 0.00838772396658176 0.0239300547298455 0.0264752806430415 0 0.0224598011554826 0.0273498579135259 0.0229914489656208 0.0150355536890182 0.0124200583204253 0.00442780682306876 0.0141064439747478 0.00557566680423262 0.00746992305951603 0.0163173798508422 0.00656291199418598 0.00954394760433686 0.0174345029058304 0.0149133277046179 0.0116596028861867 0.0327107147256289 0.0233545322361415 0.0240589096018345
0 0 0 0 0 0 0 0 0 0 0 0 0 0 0 0 0 0 0 0 0 0 0 0 0 0 0 0 0 0 0.0046075286603162 0 0 0 0.0269974305632148 0.00364196271566132 0.0116352052105019 0.0126519702793363 0.0345558858332944 0.022175874894424 0.019798894401613 0.0215596834297476 0.00595528400415497 0.0199474816789349 0.022731064360343 0.0207865428496507 0.0092798511528123 0.0264752806430415 0.0292912194744628 0 0.0248486493445705 0.0302588177077933 0.0254368437777037 0.0166347510707447 0.0137410688503815 0.00489875303660355 0.0156068202652708 0.00616870061855903 0.00826443197122983 0.0180529136179268 0.00726095025035404 0.0105590519587138 0.0192888550617521 0.0164995250014606 0.0128997305724175 0.0361898609164229 0.0258385449686266 0.0266178406554045
0.000664974775311645 0.000328980426566612 0.000367178085187729 0.000263087819044025 0.000494218096781814 0.000465815005771702 0.000428403169370018 0.000497426308176069 0.000203780064225017 0.000374970679285835 0.000457903242972898 0.000461386675157564 0.000207022107928055 0.000556305243716475 0.000552448080251541 2.79000667173811e-05 0.000596657976089871 0.00054922227169877 0.000583024842056731 0.000396197292346557 0.000321798337372558 0.000179329591225309 0.000463653154252969 0.000154739979937787 0.000240995857771112 0.000389307438786502 0.00027615288394989 0.000252564689245742 0.000514034113209446 0.000407142526758435 0 0.000752749229866505 0.000559898361720808 0.000551167086324632 0 0 0 0 0 0 0 0 0 0 0 0 0 0 0 1.19784329081134e-05 0 0 0 0 0 0 0 0 0 0 0 0 0 0 0 0 0 0
0 0 0 0 0 0 0 0 0 0 0 0 0 0 0 0 0 0 0 0 0 0 0 0 0 0 0 0 0 0 0.00390870937022863 0 0 0 0.0229027571165 0.00308958985222064 0.00987050520651575 0.0107330585284524 0.0293148289920522 0.0188124820013392 0.0167960157761539 0.0182897476833566 0.00505205200130339 0.0169220669688826 0.0192834664330542 0.0176338685662158 0.00787238535654277 0.0224598011554826 0.0248486493445705 0 0.0210798794084946 0.0256694929160516 0.0215788629768673 0.0141117749177882 0.0116569746022496 0.00415576403496407 0.0132397493553847 0.00523309993002672 0.0070109737924769 0.0153148461616896 0.00615968914632319 0.00895757104827712 0.0163633335957759 0.0139970584519608 0.01094324126426 0.0307009806991815 0.021919638547623 0.0225807392325352
0 0 0 0 0 0 0 0 0 0 0 0 0 0 0 0 0 0 0 0 0 0 0 0 0 0 0 0 0 0 0.00475973251770862 0 0 0 0.0278892563931432 0.00376227032841201 0.0120195594370623 0.013069912048579 0.0356973956332744 0.0229084267565651 0.0204529257321146 0.0222718801894617 0.00615200924758245 0.020606421401426 0.0234819562013592 0.0214731998922468 0.00958639924955027 0.0273498579135259 0.0302588177077933 0 0.0256694929160516 0.0312583793198407 0.0262771176052331 0.0171842589450064 0.0141949876076833 0.0050605771213902 0.0161223717509215 0.00637247580878851 0.00853743698496145 0.0186492686907636 0.0075008065199323 0.0109078568293954 0.019926037890449 0.0170445658542706 0.0133258567882683 0.0373853470080053 0.026692088484808 0.0274971272148356
0 0 0 0 0 0 0 0 0 0 0 0 0 0 0 0 0 0 0 0 0 0 0 0 0 0 0 0 0 0 0.00400123275290521 0 0 0 0.0234448901738152 0.00316272378906128 0.0101041507513571 0.0109871216442937 0.0300087427328867 0.0192577938182176 0.0171935956542936 0.0187226858129741 0.00517163954193224 0.0173226306152274 0.019739926961357 0.0180512813270232 0.00805873324120997 0.0229914489656208 0.0254368437777037 0 0.0215788629768673 0.0262771176052331 0.0220896580265431 0.0144458159086353 0.0119329078118635 0.0042541354690362 0.0135531485570446 0.00535697307114551 0.00717693113278919 0.0156773651514215 0.00630549565739176 0.00916960645317702 0.0167506714182495 0.0143283839798605 0.0112022796330186 0.0314277061516831 0.0224385001240096 0.0231152497778945
0 0 0 0 0 0 0 0 0 0 0 0 0 0 0 0 0 0 0 0 0 0 0 0 0 0 0 0 0 0 0.00261665760903208 0 0 0 0.0153320873977381 0.00206830389007116 0.00660773930912891 0.00718516947833832 0.0196246031807274 0.0125938818957788 0.0112439729637727 0.0122439411350076 0.00338206017851438 0.0113283570356849 0.0129091790642942 0.0118048675380952 0.00527011222715325 0.0150355536890182 0.0166347510707447 0 0.0141117749177882 0.0171842589450064 0.0144458159086353 0.00944702706648634 0.00780367850411091 0.00278204659222196 0.00886325577345715 0.00350326142307396 0.00469344639960687 0.0102524145298111 0.00412355996502655 0.00599658204839845 0.0109543169642241 0.00937023094665333 0.00732587481169645 0.0205525525543388 0.0146739456838961 0.0151165148221103
0 0 0 0 0 0 0 0 0 0 0 0 0 0 0 0 0 0 0 0 0 0 0 0 0 0 0 0 0 0 0.00216147943607158 0 0 0 0.0126650087913191 0.00170851406408856 0.0054582963343405 0.00593528019046494 0.0162108240947496 0.0104031252098395 0.00928803839564234 0.0101140580595791 0.00279373713327344 0.0093577435169928 0.0106635751608172 0.009751363090481 0.00435335489269262 0.0124200583204253 0.0137410688503815 0 0.0116569746022496 0.0141949876076833 0.0119329078118635 0.00780367850411091 0.00644619706992884 0.00229809833679584 0.0073214565882989 0.00289385493119914 0.0038770024179079 0.00846896556117081 0.00340625003326665 0.00495345235065883 0.0090487692285958 0.00774024137988946 0.00605150926206736 0.0169773529221565 0.0121213534901516 0.0124869359370059
